200, pa4-E-Output.txt
  -10.06    -25.72    -39.05      -10.08    -25.69    -39.02     0.049
   -8.48    -28.99    -26.40       -8.50    -28.97    -26.40     0.031
  -29.95     10.16    -24.87      -29.94     10.14    -24.87     0.017
  -38.70     -9.69    -41.25      -38.73     -9.69    -41.28     0.046
   -8.56     24.56     28.94       -8.56     24.64     28.96     0.078
   21.83     24.75      7.05       21.82     24.72      7.05     0.027
  -35.95      3.67    -35.13      -36.00      3.72    -35.15     0.081
    3.41      9.90     63.34        3.41      9.90     63.34     0.001
    3.16     -3.02    -24.37        3.18     -3.01    -24.39     0.034
   21.29     -0.79     44.44       21.29     -0.79     44.44     0.003
   -2.53    -11.63    -39.10       -2.51    -11.64    -39.11     0.023
   -2.66     16.31     48.85       -2.67     16.32     48.85     0.018
    2.57    -14.08    -25.65        2.56    -14.07    -25.64     0.022
   11.73     22.37     33.46       11.73     22.33     33.45     0.047
   32.88     -7.50    -12.72       32.92     -7.55    -12.71     0.064
   12.23    -13.71      3.06       12.23    -13.71      3.06     0.005
   31.05     16.97    -21.16       30.97     16.92    -21.13     0.102
  -28.08      7.44    -16.04      -28.07      7.47    -15.99     0.059
   14.72     25.27     12.93       14.71     25.23     12.92     0.039
  -25.47      8.51    -37.13      -25.49      8.58    -37.19     0.092
  -31.25    -18.35     -8.09      -31.24    -18.34     -8.12     0.038
  -21.09    -27.52    -40.90      -21.09    -27.50    -40.88     0.030
  -12.80      5.01     -0.28      -12.87      5.10     -0.27     0.127
   25.91     18.68     17.52       25.83     18.61     17.49     0.114
  -20.11    -31.21    -17.09      -20.11    -31.22    -17.08     0.014
   29.76     15.44     14.51       29.77     15.44     14.52     0.008
   20.28     -5.16     27.83       20.18     -4.96     27.80     0.234
    5.69     22.52     31.17        5.70     22.34     31.13     0.188
  -20.00    -32.21    -32.10      -19.98    -32.33    -32.12     0.124
   -3.19    -17.66     -7.89       -3.19    -17.62     -7.91     0.044
  -31.78    -28.04    -17.63      -31.79    -28.07    -17.61     0.040
   -0.63    -10.09    -32.00       -0.67    -10.11    -31.98     0.051
  -29.58      7.02    -15.57      -29.58      6.98    -15.61     0.059
   29.52     21.32     -4.69       29.47     21.26     -4.69     0.081
   34.95     -4.14    -17.92       35.00     -4.16    -17.94     0.062
   32.59     -4.29     11.28       32.59     -4.29     11.28     0.002
  -29.77    -28.56    -16.43      -29.76    -28.55    -16.43     0.006
   -5.23    -25.33    -32.09       -5.26    -25.29    -32.07     0.051
  -40.06      1.77    -27.53      -40.03      1.75    -27.52     0.034
   11.74     21.04     55.43       11.73     20.69     55.38     0.353
   20.90     24.98    -19.68       20.90     24.99    -19.68     0.008
  -30.49      5.94    -38.81      -30.45      5.87    -38.77     0.094
   39.06      3.97    -10.48       39.10      3.97    -10.49     0.046
   -5.82      1.93    -32.74       -5.81      1.94    -32.74     0.014
    5.60      7.23     63.32        5.60      7.23     63.28     0.039
  -12.08     14.89     16.73      -12.03     14.89     16.80     0.085
   22.07     -6.73     14.37       22.01     -6.53     14.32     0.221
   -7.61    -10.14      5.25       -7.68    -10.30      5.33     0.196
  -21.36      6.71    -40.51      -21.37      6.69    -40.49     0.035
  -40.37    -18.93    -18.20      -40.37    -18.93    -18.20     0.004
   -1.48      5.18    -22.22       -1.48      5.16    -22.21     0.021
   16.93     17.38    -30.92       16.91     17.38    -30.87     0.062
   33.40     -6.61    -17.73       33.31     -6.55    -17.71     0.114
   13.89     -4.36     62.55       13.89     -4.36     62.55     0.000
  -25.29    -22.69     -8.11      -25.30    -22.73     -8.08     0.047
   -1.08    -21.46    -20.87       -1.02    -21.51    -20.85     0.073
   -9.07      7.49     -6.94       -9.08      7.52     -6.95     0.032
  -26.16    -16.89    -47.42      -26.16    -16.89    -47.43     0.010
   26.38    -12.12     -4.32       26.38    -12.13     -4.32     0.007
   -2.48    -12.84      1.35       -2.48    -12.90      1.38     0.074
   -1.17     -6.72     35.11       -1.17     -6.72     35.11     0.007
   33.59     14.31     10.55       33.54     14.27     10.52     0.071
   23.97    -10.03    -23.10       23.97    -10.06    -23.12     0.037
   14.66     14.50    -29.61       14.71     14.55    -29.50     0.129
  -10.92    -27.01    -37.76      -10.87    -27.08    -37.81     0.105
   -4.04    -17.74     -7.82       -4.04    -17.68     -7.84     0.063
   -2.00     -5.59     62.64       -1.94     -5.47     62.59     0.147
   31.21     11.51     15.02       31.25     11.53     15.04     0.053
   21.63      2.06     50.52       21.65      2.04     50.53     0.030
   -2.79    -11.11    -39.43       -2.73    -11.12    -39.48     0.078
    7.89      3.79     63.12        7.89      3.79     63.12     0.002
   19.89     23.04    -25.99       19.87     22.98    -25.95     0.070
  -30.15      3.31    -13.77      -30.15      3.33    -13.69     0.078
  -31.44    -21.10     -9.23      -31.46    -21.12     -9.18     0.059
   13.36     16.05     63.07       13.36     16.05     63.07     0.002
    9.12     11.51     63.13        9.12     11.51     63.19     0.055
   -4.18    -12.95      1.53       -4.18    -12.82      1.48     0.135
   -6.25    -21.71    -39.20       -6.26    -21.70    -39.19     0.016
  -28.46    -18.70     -7.27      -28.46    -18.70     -7.23     0.033
   22.02     22.23     16.24       22.04     22.27     16.25     0.050
    0.29     -5.29     63.47        0.29     -5.29     63.49     0.022
   34.25      1.46     13.09       34.21      1.46     13.06     0.053
  -18.09    -23.46     -9.23      -18.09    -23.47     -9.20     0.037
   17.90    -16.81    -13.24       17.92    -16.70    -13.20     0.121
   -6.68     23.83     19.80       -6.69     23.91     19.78     0.077
   -6.64      9.38     53.64       -6.41      9.33     53.64     0.238
  -11.42      6.60      6.88      -11.30      6.52      6.87     0.142
   10.20     -6.81     58.06       10.19     -6.76     58.06     0.057
   -8.43     -1.60     23.30       -8.54     -1.61     23.32     0.112
    5.48    -16.78    -13.64        5.48    -16.77    -13.63     0.016
   21.89    -15.48    -16.20       21.86    -15.34    -16.14     0.149
   20.80     14.06     49.94       20.87     14.11     49.95     0.085
   29.83     10.68     18.81       29.62     10.60     18.69     0.257
   -5.13      2.38    -29.54       -5.11      2.39    -29.55     0.022
  -34.75      4.87    -16.84      -34.73      4.85    -16.85     0.029
  -38.09      1.42    -35.56      -38.05      1.40    -35.55     0.048
   18.98     16.34     51.45       19.07     16.42     51.47     0.126
  -39.80    -13.09    -34.61      -39.73    -13.11    -34.62     0.083
  -30.75      9.66    -23.15      -30.79      9.74    -23.15     0.095
    0.04      5.43    -20.73        0.07      5.48    -20.76     0.063
   35.96     14.26      0.03       36.06     14.33      0.02     0.121
   11.00     -6.22     48.85       11.02     -6.38     48.86     0.160
   25.88    -11.14     -1.78       25.89    -11.21     -1.76     0.076
   -5.71     -3.08     35.62       -5.74     -3.10     35.62     0.030
   -7.62     24.23     30.07       -7.62     24.26     30.08     0.036
  -18.11    -26.41    -41.99      -18.11    -26.45    -42.02     0.046
  -17.76      4.88    -11.83      -17.76      4.87    -11.84     0.018
    2.94     19.19     49.71        2.91     19.28     49.71     0.096
    4.14     23.66     22.76        4.14     23.68     22.77     0.024
   16.87     19.10     48.72       16.85     19.08     48.71     0.027
  -31.83    -27.71    -17.05      -31.87    -27.78    -17.02     0.093
  -32.55    -18.55    -44.13      -32.59    -18.56    -44.17     0.061
   35.73     13.83      7.55       35.74     13.84      7.55     0.017
  -22.71     10.82    -34.22      -22.69     10.74    -34.19     0.091
  -12.99    -14.71    -47.30      -12.99    -14.71    -47.28     0.019
   23.04      6.05    -30.05       23.04      6.04    -30.06     0.008
   16.52     22.11     33.09       16.52     22.12     33.09     0.009
   23.14    -14.76     -7.16       23.13    -14.76     -7.16     0.006
    0.84    -16.04    -28.13        0.81    -16.03    -28.12     0.030
   11.78     20.22    -22.24       11.80     20.22    -22.24     0.022
   -6.39     -8.50     13.52       -6.44     -8.57     13.53     0.093
   -9.43    -28.58    -20.82       -9.46    -28.52    -20.83     0.062
  -40.77    -16.71    -17.08      -40.76    -16.70    -17.08     0.012
   15.55      0.34    -21.66       15.56      0.33    -21.62     0.045
  -43.21    -14.05    -26.93      -43.23    -14.05    -26.94     0.022
   -3.39     -3.98     52.46       -3.35     -3.95     52.45     0.054
   -3.07     11.96     -0.82       -3.06     11.95     -0.81     0.016
   14.68     -0.57    -21.70       14.67     -0.56    -21.73     0.024
   -6.76      6.48     60.45       -7.06      6.50     60.44     0.296
   -8.16     23.28     18.81       -8.14     23.20     18.87     0.090
  -34.79    -17.29     -9.46      -34.73    -17.23     -9.52     0.102
  -24.46    -32.59    -23.34      -24.46    -32.54    -23.35     0.058
  -34.27      7.56    -28.81      -34.24      7.51    -28.80     0.060
   -0.57    -12.52      2.48       -0.57    -12.58      2.49     0.058
   35.75     -1.37     10.59       35.73     -1.36     10.58     0.026
    9.82    -15.28    -14.76        9.80    -15.15    -14.73     0.134
  -33.12      0.94    -41.68      -33.11      0.92    -41.66     0.020
  -25.83    -27.04    -40.47      -25.83    -27.02    -40.45     0.028
   38.12     11.32     -1.65       38.22     11.38     -1.64     0.109
  -19.07    -20.91    -46.58      -19.06    -20.93    -46.62     0.043
  -28.97    -29.18    -17.27      -28.97    -29.19    -17.27     0.006
  -19.05      0.26    -46.09      -19.04      0.24    -46.06     0.035
   23.54     22.79    -23.00       23.57     22.84    -23.02     0.059
  -10.99     -8.07      5.77      -11.00     -8.08      5.78     0.013
   -2.26    -15.86    -38.15       -2.26    -15.86    -38.15     0.002
    1.93      9.09    -13.96        1.93      9.09    -13.96     0.003
   -9.51      8.09    -12.79       -9.51      8.06    -12.80     0.024
    1.47     -7.04     62.30        1.47     -7.04     62.30     0.000
   37.91      5.54    -12.53       37.88      5.53    -12.52     0.038
    1.73    -13.40    -26.62        1.78    -13.41    -26.67     0.068
   32.00     18.05      8.01       32.05     18.09      8.02     0.065
  -34.89      4.68    -16.70      -34.87      4.67    -16.71     0.022
    7.46     24.50     17.57        7.47     24.46     17.57     0.039
   -4.89     -2.52     56.78       -4.84     -2.48     56.78     0.067
   -7.06     -0.52     31.35       -7.05     -0.52     31.35     0.008
  -27.92    -26.96    -12.37      -27.91    -26.95    -12.38     0.017
   20.49    -14.62     -3.68       20.50    -14.63     -3.66     0.017
  -35.59      6.17    -29.95      -35.63      6.22    -29.96     0.061
  -42.07     -7.97    -31.35      -42.11     -7.99    -31.37     0.049
   -9.63    -25.49    -14.67       -9.63    -25.48    -14.67     0.011
    2.15     -7.19    -26.32        2.20     -7.19    -26.37     0.071
   -4.21      0.47     63.16       -4.22      0.47     63.21     0.051
    0.39     -6.78     55.60        0.42     -6.69     55.60     0.095
   22.69     -4.43     23.68       22.66     -4.38     23.66     0.059
   -6.86      5.12     48.53       -6.94      5.11     48.53     0.083
  -29.16    -27.89    -38.05      -29.15    -27.87    -38.04     0.030
  -43.98     -7.40    -25.38      -44.02     -7.39    -25.39     0.039
  -21.08    -11.40    -49.56      -21.08    -11.40    -49.55     0.016
  -15.61    -31.07    -32.90      -15.58    -31.17    -32.92     0.105
    1.37     20.76     40.06        1.37     20.69     40.05     0.076
   13.86     -5.97     46.42       13.81     -5.85     46.42     0.127
    4.81    -12.41    -23.33        4.79    -12.40    -23.32     0.029
   17.55     20.72    -29.17       17.56     20.74    -29.20     0.047
   -3.43    -23.40    -19.59       -3.41    -23.44    -19.58     0.040
   -9.40    -27.92    -34.68       -9.44    -27.87    -34.65     0.069
   -2.02    -23.11    -24.88       -2.02    -23.10    -24.88     0.008
    1.98     -6.98     36.50        1.98     -7.02     36.50     0.043
  -40.66    -20.25    -30.01      -40.74    -20.29    -30.04     0.090
    1.42     -6.93     39.95        1.43     -6.86     39.95     0.066
    9.82     -6.72     55.41        9.86     -6.88     55.40     0.167
  -40.01    -17.70    -33.33      -40.03    -17.69    -33.33     0.024
   24.22      9.36     38.27       24.36      9.36     38.29     0.141
   -0.24     19.02      7.32       -0.32     19.09      7.27     0.114
   -0.05     -6.37     59.86       -0.08     -6.45     59.85     0.085
  -28.49    -21.89     -8.15      -28.50    -21.92     -8.12     0.042
    4.37    -16.93    -19.07        4.32    -16.85    -19.05     0.088
   -6.52    -21.13    -11.06       -6.55    -21.08    -11.10     0.066
   35.49     11.13    -14.76       35.62     11.15    -14.81     0.145
  -29.73      7.36    -15.94      -29.72      7.33    -15.97     0.048
   -4.00     -4.84     38.00       -3.96     -4.80     38.00     0.052
  -36.78    -13.05    -43.59      -36.77    -13.04    -43.59     0.013
   -0.02    -17.36    -29.65        0.04    -17.38    -29.67     0.064
   -7.81    -20.38     -9.88       -7.79    -20.41     -9.83     0.065
   18.65    -13.86     -1.41       18.65    -13.85     -1.42     0.014
    4.18     12.62     63.18        4.18     12.62     63.19     0.004
   -7.04      6.77     57.65       -7.05      6.78     57.65     0.017
   -5.08     -2.70     42.23       -5.09     -2.71     42.23     0.006
   -3.22     16.33      8.22       -3.20     16.31      8.24     0.034
  -19.14     11.69    -21.83      -19.10     11.78    -21.79     0.102
  -28.53      8.51    -35.36      -28.52      8.49    -35.34     0.027
