200, pa4-D-Output.txt
  -39.46    -13.89    -38.85      -39.45    -13.89    -38.85     0.006
   -0.55     17.43     53.82       -0.55     17.43     53.82     0.003
   -2.08     19.93     40.79       -2.08     19.93     40.78     0.004
  -38.45      3.75    -23.72      -38.45      3.75    -23.72     0.000
  -22.13      9.25    -37.15      -22.13      9.25    -37.14     0.003
  -31.71      7.93    -32.72      -31.71      7.94    -32.72     0.009
   -9.93    -18.51     -7.56       -9.93    -18.50     -7.57     0.003
   18.97     22.01     25.29       18.96     22.01     25.29     0.001
    9.13    -14.03      2.30        9.13    -14.03      2.30     0.008
  -18.64     -2.96     -1.79      -18.64     -2.96     -1.79     0.002
   31.02     20.02     -1.99       31.02     20.02     -1.99     0.002
  -25.40    -21.20    -45.87      -25.40    -21.20    -45.87     0.003
  -29.39    -27.30    -13.98      -29.39    -27.30    -13.98     0.000
   28.80     -9.37      1.13       28.80     -9.37      1.13     0.003
   -4.97     -5.79     28.99       -4.97     -5.78     28.99     0.007
   -7.02      6.97     58.69       -7.01      6.97     58.69     0.008
  -21.61    -32.11    -21.13      -21.61    -32.12    -21.13     0.004
   12.09     17.84    -20.82       12.09     17.84    -20.82     0.005
  -22.78      6.45    -40.94      -22.78      6.45    -40.94     0.000
   23.17     10.23     45.06       23.17     10.23     45.06     0.000
    0.03    -16.55    -31.35        0.04    -16.56    -31.35     0.004
    8.63     21.45     -7.16        8.63     21.45     -7.16     0.001
   14.26     20.84    -29.65       14.26     20.83    -29.65     0.003
   11.50    -12.51    -18.73       11.50    -12.50    -18.72     0.003
   -0.05    -20.24    -25.32       -0.05    -20.24    -25.32     0.001
  -40.56    -10.26    -14.47      -40.55    -10.26    -14.48     0.001
   21.91     14.53    -30.09       21.90     14.53    -30.09     0.002
    9.49     -6.69     31.04        9.49     -6.68     31.04     0.009
  -29.96     -6.76     -8.08      -29.96     -6.76     -8.08     0.001
   -7.72     15.95     13.01       -7.72     15.95     13.00     0.003
  -15.52    -18.12     -6.20      -15.52    -18.12     -6.20     0.004
   -8.66     24.11     30.61       -8.66     24.12     30.61     0.001
  -30.36      9.26    -20.56      -30.36      9.25    -20.56     0.007
   29.25     14.92     15.81       29.24     14.92     15.81     0.007
   20.56     -1.36    -24.23       20.57     -1.36    -24.22     0.002
    6.48     -9.66     15.58        6.48     -9.66     15.58     0.000
   -6.15      5.05     62.68       -6.14      5.05     62.67     0.006
   14.42     -7.85     15.65       14.42     -7.84     15.65     0.009
   -4.22     13.94      6.38       -4.21     13.94      6.38     0.012
   24.17     -4.72     19.48       24.17     -4.72     19.48     0.003
   -5.75     23.93     19.76       -5.75     23.93     19.77     0.008
  -36.72    -13.43    -43.50      -36.72    -13.43    -43.50     0.001
  -31.46      5.16    -14.69      -31.46      5.17    -14.69     0.003
    4.15     -5.47    -24.52        4.15     -5.47    -24.52     0.003
  -15.66     -5.98      2.16      -15.66     -5.98      2.16     0.001
   21.65      2.50     51.67       21.65      2.50     51.67     0.003
  -11.72      5.38    -39.43      -11.72      5.38    -39.43     0.001
    7.37     11.85    -10.16        7.38     11.85    -10.16     0.004
   20.50     -0.57     50.01       20.50     -0.56     50.01     0.005
    8.96    -11.48    -20.93        8.96    -11.48    -20.93     0.004
    6.83     -8.29     19.91        6.83     -8.30     19.91     0.003
    0.13    -12.53    -31.94        0.14    -12.52    -31.94     0.003
    1.71     17.76      3.17        1.71     17.76      3.17     0.002
   -7.23     24.95     23.81       -7.23     24.94     23.81     0.003
  -32.79    -12.21    -46.48      -32.79    -12.21    -46.48     0.002
   37.55     -0.79    -13.08       37.55     -0.78    -13.08     0.005
   20.18     -0.74     51.57       20.19     -0.74     51.57     0.007
    1.84     10.59     -9.71        1.84     10.59     -9.72     0.001
   -1.53     21.79     35.71       -1.53     21.78     35.70     0.014
  -40.79    -18.71    -30.53      -40.79    -18.71    -30.53     0.000
   -9.62    -29.37    -28.67       -9.62    -29.37    -28.67     0.002
  -21.76    -27.83    -12.45      -21.76    -27.83    -12.45     0.001
   -4.83     13.36     51.80       -4.84     13.37     51.80     0.008
   13.82     -5.55     55.72       13.82     -5.55     55.72     0.001
   36.23     -2.68     -6.14       36.23     -2.69     -6.14     0.001
  -16.33     10.84    -33.29      -16.33     10.83    -33.29     0.005
   -2.26     -7.54    -33.82       -2.26     -7.54    -33.82     0.001
    4.02     18.54     61.98        4.02     18.54     61.98     0.001
    1.63     -1.34    -24.43        1.63     -1.34    -24.43     0.000
    7.56     24.49     17.35        7.56     24.49     17.35     0.009
   -1.51    -13.69    -36.88       -1.51    -13.69    -36.88     0.002
   -6.14      2.19     61.04       -6.14      2.19     61.04     0.001
   11.57    -15.32      0.16       11.57    -15.32      0.16     0.002
  -28.79    -11.18    -47.69      -28.79    -11.18    -47.69     0.001
  -28.09    -29.81    -35.24      -28.09    -29.81    -35.23     0.007
   -3.55     -4.06     51.13       -3.55     -4.06     51.13     0.005
  -24.50    -27.14    -40.54      -24.50    -27.14    -40.54     0.001
  -13.14    -22.35     -9.42      -13.14    -22.35     -9.42     0.001
   12.28     17.38    -13.93       12.28     17.38    -13.93     0.001
   39.59      2.24     -8.96       39.59      2.24     -8.96     0.000
  -20.81     -3.45    -47.70      -20.81     -3.45    -47.70     0.003
  -39.12     -5.63    -39.37      -39.12     -5.63    -39.37     0.001
   -9.05      7.16    -31.41       -9.05      7.16    -31.41     0.004
  -28.86      2.51    -42.67      -28.86      2.50    -42.67     0.006
   18.17     17.22     52.74       18.17     17.22     52.74     0.006
   20.90     13.32     52.79       20.90     13.32     52.79     0.004
   25.70    -13.21    -17.98       25.70    -13.22    -17.98     0.003
  -14.56    -23.69     -9.95      -14.56    -23.69     -9.95     0.006
    6.57    -15.26     -3.77        6.58    -15.25     -3.77     0.011
   -1.69    -17.17    -36.45       -1.69    -17.17    -36.45     0.001
  -27.18     -5.73    -48.12      -27.18     -5.73    -48.12     0.002
  -28.98    -31.23    -23.91      -28.98    -31.24    -23.91     0.002
   12.58     16.12    -12.91       12.58     16.12    -12.91     0.000
    7.26     -6.81     35.75        7.26     -6.81     35.75     0.006
  -15.56     18.92     29.83      -15.56     18.91     29.83     0.002
   14.03      9.38    -16.18       14.02      9.38    -16.18     0.007
    0.82     20.12      6.88        0.82     20.11      6.88     0.001
   13.50     20.34     56.71       13.51     20.34     56.71     0.004
    0.86     -1.11    -24.80        0.86     -1.11    -24.79     0.002
  -13.05      2.73      9.31      -13.05      2.73      9.31     0.003
  -21.44    -25.80    -42.68      -21.44    -25.80    -42.67     0.006
   -4.33      0.79    -29.95       -4.33      0.79    -29.95     0.004
  -39.24    -21.75    -32.46      -39.24    -21.75    -32.46     0.001
   28.59     11.13     20.57       28.59     11.12     20.57     0.007
   -0.45     -8.94     23.83       -0.45     -8.94     23.83     0.003
   -5.28     -7.70    -42.33       -5.28     -7.70    -42.33     0.002
   -0.33      8.24    -16.16       -0.33      8.24    -16.16     0.002
  -25.81      7.74    -38.34      -25.81      7.74    -38.34     0.005
  -37.28    -24.32    -19.51      -37.28    -24.33    -19.51     0.008
    7.63     -6.85     47.15        7.63     -6.85     47.15     0.005
   -2.28     -6.74    -32.76       -2.28     -6.74    -32.76     0.005
   30.04     20.97      0.11       30.05     20.97      0.11     0.010
    4.33    -12.88      3.21        4.33    -12.88      3.21     0.001
   10.03     -2.19     63.34       10.03     -2.19     63.34     0.001
   24.90      9.88    -30.35       24.89      9.88    -30.35     0.005
  -33.38    -28.00    -20.25      -33.38    -28.00    -20.25     0.002
  -11.09    -14.57    -46.59      -11.09    -14.57    -46.59     0.002
  -10.34      6.99     -6.32      -10.34      6.99     -6.32     0.004
   14.93     23.93    -21.80       14.93     23.92    -21.80     0.006
  -22.91     12.17    -25.97      -22.91     12.16    -25.97     0.003
    7.87     -6.77     44.58        7.86     -6.76     44.58     0.010
  -33.75    -19.89    -10.20      -33.75    -19.89    -10.20     0.002
   -5.23     17.72     42.88       -5.23     17.72     42.88     0.002
   16.54     -3.65     58.66       16.54     -3.65     58.66     0.001
  -26.90    -20.88     -7.11      -26.90    -20.88     -7.11     0.001
   17.60     19.97     42.45       17.60     19.97     42.45     0.003
   18.90     20.58     34.80       18.90     20.58     34.80     0.003
   18.89     26.48      2.37       18.89     26.47      2.37     0.005
  -16.43     16.13     22.44      -16.43     16.13     22.44     0.003
  -31.97     -6.22     -8.67      -31.97     -6.22     -8.67     0.002
   -3.05     18.68     43.49       -3.05     18.67     43.49     0.001
  -16.89     -7.95     -0.37      -16.89     -7.95     -0.37     0.002
  -39.07     -3.57    -38.42      -39.07     -3.57    -38.42     0.001
  -12.72      2.04    -43.33      -12.72      2.04    -43.33     0.003
   24.87     -3.48     22.58       24.87     -3.48     22.58     0.005
    3.95     23.50     24.38        3.95     23.50     24.38     0.003
   21.35      3.56     55.34       21.34      3.56     55.34     0.004
  -15.61     11.45    -23.47      -15.61     11.45    -23.47     0.001
  -39.39     -6.77    -13.20      -39.38     -6.77    -13.20     0.003
   15.67     22.34     31.01       15.67     22.33     31.02     0.015
    1.22     20.40     41.65        1.22     20.40     41.64     0.003
  -11.46    -28.44    -35.92      -11.46    -28.43    -35.92     0.000
  -15.91      9.44    -18.93      -15.91      9.44    -18.93     0.000
  -10.29    -25.48    -14.14      -10.29    -25.48    -14.15     0.003
   39.94      6.87     -0.04       39.94      6.87     -0.04     0.003
   30.03     19.56    -19.28       30.03     19.56    -19.28     0.002
   -6.92     17.70     13.09       -6.92     17.69     13.09     0.003
   22.51    -10.39    -22.43       22.51    -10.39    -22.43     0.003
  -12.81     21.86     31.78      -12.81     21.86     31.78     0.008
  -39.93     -8.09    -38.53      -39.93     -8.09    -38.53     0.002
  -41.19     -4.27    -34.26      -41.18     -4.27    -34.26     0.001
   35.12     13.62    -14.34       35.12     13.62    -14.35     0.005
   -6.75      4.20     45.56       -6.75      4.20     45.56     0.001
   17.53     20.63    -29.29       17.53     20.63    -29.29     0.002
   -4.75     15.48     46.47       -4.75     15.48     46.47     0.002
   22.80      2.70     44.74       22.79      2.70     44.74     0.005
   38.27     -0.48      4.59       38.28     -0.48      4.59     0.004
    0.04     15.13      1.15        0.04     15.12      1.15     0.002
  -27.41      0.80    -12.45      -27.41      0.80    -12.45     0.002
  -43.63     -5.21    -26.68      -43.63     -5.21    -26.68     0.002
   -7.72      2.90     30.46       -7.71      2.90     30.46     0.007
  -40.20      1.62    -26.15      -40.20      1.62    -26.15     0.001
   -6.30     -8.18     16.04       -6.30     -8.18     16.04     0.001
  -29.64     10.03    -22.47      -29.64     10.03    -22.47     0.006
  -35.50     -1.12    -41.73      -35.50     -1.12    -41.73     0.001
  -22.78      6.27    -41.11      -22.78      6.27    -41.10     0.001
   12.31     21.55    -16.05       12.31     21.55    -16.06     0.001
   -5.14      6.54    -23.19       -5.14      6.54    -23.19     0.000
   33.89      4.92    -22.98       33.89      4.92    -22.98     0.000
  -14.09      6.91    -13.74      -14.09      6.91    -13.73     0.003
   -0.13     -6.37     57.14       -0.13     -6.36     57.14     0.008
  -42.53    -16.16    -28.74      -42.54    -16.17    -28.74     0.002
   22.76     17.00    -28.79       22.76     17.00    -28.80     0.001
    7.48     20.33     54.12        7.48     20.33     54.12     0.003
    5.34    -15.89    -19.13        5.34    -15.90    -19.13     0.004
   11.20     19.43    -13.90       11.20     19.43    -13.90     0.000
  -19.27      6.71    -14.94      -19.27      6.71    -14.94     0.001
   25.05      7.28    -30.36       25.05      7.28    -30.36     0.001
  -16.10     17.46     22.71      -16.10     17.46     22.71     0.002
   16.63     21.21     39.71       16.62     21.20     39.71     0.011
   10.92     24.18     -7.03       10.92     24.17     -7.03     0.003
   33.23      4.01    -23.90       33.23      4.01    -23.90     0.002
   11.02     26.16      9.88       11.02     26.16      9.88     0.000
  -37.82    -10.95    -10.73      -37.82    -10.95    -10.73     0.003
  -17.27    -24.98    -10.50      -17.27    -24.98    -10.50     0.002
   27.02     12.30     24.01       27.02     12.30     24.01     0.004
   31.71     12.30     13.81       31.71     12.30     13.81     0.004
   -3.43     -4.02    -34.82       -3.43     -4.02    -34.82     0.003
   -6.38    -19.56     -9.77       -6.38    -19.56     -9.77     0.004
  -32.99    -16.37    -44.95      -32.99    -16.37    -44.95     0.004
   25.12     18.10     20.40       25.12     18.10     20.40     0.002
  -20.50     -7.87     -3.42      -20.51     -7.87     -3.41     0.004
  -36.27      0.07    -13.83      -36.27      0.08    -13.82     0.002
   21.16     14.49     46.34       21.15     14.49     46.34     0.004
   34.71      7.13    -21.11       34.71      7.13    -21.11     0.002
  -14.69      6.09    -40.85      -14.69      6.09    -40.85     0.001
   31.45     10.75    -25.82       31.44     10.75    -25.81     0.007
   28.47      8.94    -29.90       28.47      8.94    -29.91     0.005
  -25.46    -29.70    -36.88      -25.46    -29.70    -36.88     0.000
   15.31    -12.30    -18.45       15.31    -12.30    -18.45     0.003
