200, pa4-K-Output.txt
  -41.61    -18.82    -27.24      -41.73    -18.88    -27.24     0.132
   -3.42     -3.01    -33.10       -3.39     -3.01    -33.11     0.030
   20.20     21.64     24.00       20.15     21.55     23.98     0.103
   36.60     -1.19      9.14       36.67     -1.22      9.18     0.089
   34.12     -6.20    -14.73       34.21     -6.26    -14.73     0.101
  -31.32      7.94    -33.13      -31.35      7.97    -33.14     0.047
  -16.19     11.54    -29.44      -16.17     11.58    -29.45     0.048
   23.13     16.69    -28.66       23.13     16.69    -28.67     0.003
   -9.82     -1.77     16.50       -9.93     -1.80     16.53     0.124
   38.88      1.95    -11.17       38.91      1.95    -11.18     0.028
  -19.05      6.30    -14.47      -19.07      6.35    -14.43     0.062
  -41.10     -7.52    -33.29      -41.12     -7.53    -33.30     0.019
   22.40     18.55     27.86       22.39     18.54     27.86     0.013
   -9.65      2.91    -40.06       -9.62      2.94    -40.09     0.055
   -3.22     -1.31    -29.80       -3.19     -1.30    -29.82     0.042
  -30.72      4.96    -39.55      -30.77      5.01    -39.61     0.099
    1.05     13.77     -2.39        1.03     13.79     -2.40     0.022
   -8.09      2.47     28.39       -8.08      2.47     28.39     0.012
  -36.45      1.85    -37.94      -36.43      1.83    -37.92     0.034
   30.84      0.97    -27.31       30.87      0.96    -27.33     0.039
   15.86     11.14    -23.19       15.91     11.19    -23.20     0.062
   -2.98    -24.37    -25.88       -2.86    -24.45    -25.88     0.146
   22.59     23.35    -23.40       22.56     23.31    -23.37     0.054
   20.09     25.83     -7.52       20.16     26.01     -7.53     0.197
   -8.64     18.27     38.85       -8.56     18.20     38.77     0.127
  -13.30    -29.21    -35.97      -13.29    -29.24    -35.99     0.029
    4.76      8.66     63.39        4.76      8.66     63.39     0.004
  -12.41      2.14     11.08      -12.49      2.14     11.10     0.077
   11.16     -6.87     24.73       11.17     -6.97     24.74     0.097
  -30.81    -25.94    -13.66      -30.81    -25.93    -13.66     0.003
   38.73     10.23     -2.52       38.84     10.29     -2.51     0.125
  -15.21    -31.14    -32.85      -15.23    -31.08    -32.83     0.070
  -22.65      9.49    -36.87      -22.65      9.48    -36.87     0.007
  -40.61    -19.89    -30.87      -40.58    -19.89    -30.86     0.028
   21.02     25.92     -4.23       21.05     25.98     -4.24     0.073
   -7.10      6.50     48.37       -6.99      6.48     48.37     0.112
  -10.47     19.03     37.21      -10.43     19.02     37.16     0.063
   -3.04      4.78    -23.33       -3.04      4.79    -23.33     0.001
   23.33      8.78     44.37       23.39      8.78     44.38     0.064
  -34.43     -1.10    -42.43      -34.43     -1.11    -42.42     0.007
   21.52      4.10     58.20       21.10      4.19     58.15     0.431
   33.80     10.20    -21.89       33.80     10.20    -21.90     0.009
   -7.04      3.57     35.62       -7.00      3.57     35.61     0.042
  -21.87    -32.82    -28.16      -21.87    -32.78    -28.16     0.039
   -4.31    -10.69      7.74       -4.32    -10.74      7.76     0.057
    0.96    -18.82    -13.82        0.97    -18.86    -13.82     0.042
   12.55     21.84     41.96       12.51     22.01     41.97     0.169
    6.14     24.87      7.40        6.11     24.90      7.39     0.044
   25.09     23.62      5.28       25.17     23.77      5.29     0.173
  -11.51    -23.28    -11.12      -11.56    -23.22    -11.23     0.141
    3.94     -4.90    -24.46        3.97     -4.89    -24.51     0.055
   -3.93    -15.02     -3.15       -3.93    -15.06     -3.12     0.051
  -12.68      8.51    -35.35      -12.70      8.48    -35.34     0.040
   -8.65     19.64     38.02       -8.66     19.65     38.04     0.025
   25.06     24.55     -2.67       25.02     24.49     -2.67     0.069
   -4.91      8.43     62.56       -4.94      8.46     62.64     0.094
   -5.60     24.35     21.23       -5.60     24.34     21.23     0.007
  -27.67    -27.96    -39.03      -27.66    -27.93    -39.00     0.043
   -2.68    -22.38    -18.06       -2.68    -22.38    -18.06     0.004
  -13.51     -4.48      6.10      -13.49     -4.47      6.09     0.021
   21.59    -13.32    -19.10       21.58    -13.33    -19.10     0.015
   -9.80     16.13     14.42       -9.74     16.10     14.49     0.091
  -35.33    -26.07    -18.90      -35.33    -26.07    -18.90     0.005
  -21.83    -26.78    -11.36      -21.84    -26.85    -11.30     0.093
   -6.76      4.35     54.95       -6.88      4.33     54.95     0.121
   23.50     -2.04     31.18       23.43     -1.96     31.16     0.110
   18.65    -13.55    -18.06       18.66    -13.51    -18.02     0.060
   18.83     18.86     41.92       18.77     18.81     41.91     0.080
   21.44    -13.91     -3.54       21.44    -13.91     -3.54     0.005
   31.08      0.75     16.57       31.15      0.73     16.62     0.088
   16.35      9.83    -22.85       16.33      9.82    -22.85     0.016
   21.22     10.82     58.82       21.17     10.80     58.81     0.053
   18.24     25.28      9.32       18.27     25.37      9.34     0.097
   20.44     -8.54      7.93       20.47     -8.63      7.95     0.098
   -5.75    -24.68    -34.75       -5.77    -24.67    -34.74     0.019
  -14.72    -29.11    -36.98      -14.72    -29.13    -36.99     0.027
   35.58     14.00      7.56       35.58     14.01      7.56     0.004
   18.64    -16.90     -7.28       18.69    -17.11     -7.26     0.216
    2.44     21.66     35.46        2.43     21.55     35.43     0.113
   23.54     -0.82     33.77       23.60     -0.85     33.79     0.072
   23.78    -15.45    -13.68       23.68    -15.29    -13.67     0.184
    3.44     18.23      0.36        3.41     18.25      0.35     0.037
  -31.90     -4.28    -45.12      -31.92     -4.26    -45.16     0.041
   -7.30      4.40     35.29       -7.12      4.42     35.27     0.184
  -22.59     -0.95     -8.61      -22.56     -0.99     -8.65     0.056
   -5.97    -20.16    -10.51       -5.95    -20.18    -10.47     0.043
   -6.10     -1.57     39.17       -5.87     -1.52     39.15     0.233
  -11.71      9.48     27.55      -11.69      9.50     27.55     0.028
   22.85     16.16     31.82       22.93     16.21     31.84     0.094
   17.04      6.58     63.08       17.02      6.60     63.02     0.067
  -18.88    -23.37     -9.12      -18.86    -23.42     -9.02     0.111
   11.90     25.08     14.16       11.90     25.11     14.17     0.029
   18.93     -0.81     59.31       18.95     -0.83     59.32     0.032
   -9.45      9.30     32.77       -9.52      9.23     32.80     0.106
   16.86     26.45      7.42       16.83     26.33      7.40     0.124
   25.12     -9.26      3.50       25.12     -9.17      3.47     0.091
   16.53      7.15    -21.33       16.40      7.14    -21.36     0.131
  -13.34    -30.90    -31.06      -13.35    -30.87    -31.05     0.033
   31.69     -4.60    -24.04       31.78     -4.67    -24.11     0.139
    7.27     21.67     34.58        7.26     21.77     34.60     0.108
   -0.14     19.30     44.13       -0.19     19.51     44.21     0.231
   -9.21    -21.31     -9.82       -9.22    -21.30     -9.83     0.017
  -10.63     15.61     37.29      -10.56     15.64     37.21     0.111
   12.05     20.27    -19.00       12.00     20.29    -19.00     0.052
   30.91      3.52    -27.55       30.93      3.52    -27.56     0.025
    5.55    -13.11    -22.19        5.55    -13.11    -22.19     0.006
  -24.59    -32.55    -24.12      -24.60    -32.63    -24.12     0.071
    7.10     20.12     53.90        7.07     20.21     53.91     0.096
   -6.47      3.84     60.46       -6.56      3.81     60.47     0.092
   12.56     16.62    -27.97       12.55     16.61    -27.97     0.009
   23.40      4.66     42.76       23.54      4.64     42.78     0.143
  -15.00      4.70    -42.25      -15.00      4.69    -42.24     0.016
  -11.56    -30.56    -25.66      -11.59    -30.50    -25.67     0.067
   15.31     -6.39     22.67       15.34     -6.64     22.70     0.249
    4.29     -7.07    -24.80        4.26     -7.07    -24.76     0.045
    1.58     -7.27    -26.84        1.63     -7.26    -26.89     0.071
   21.90     19.96     25.46       21.96     20.03     25.47     0.086
    8.44     20.83     53.31        8.46     20.76     53.31     0.073
  -29.54      9.80    -21.48      -29.55      9.81    -21.47     0.012
    2.31     24.14     21.56        2.30     23.92     21.52     0.223
   -2.28     15.98     54.08       -2.30     16.00     54.09     0.035
  -26.13    -26.25    -10.99      -26.13    -26.24    -11.00     0.015
    8.39    -14.98    -16.95        8.39    -14.99    -16.95     0.012
   12.84     15.35    -22.20       12.93     15.39    -22.21     0.102
   -1.50     -9.30    -34.24       -1.44     -9.27    -34.23     0.073
  -31.64    -27.39    -16.44      -31.67    -27.46    -16.39     0.088
    9.33     -7.53     22.01        9.32     -7.44     22.00     0.089
   25.74    -11.93    -20.68       25.70    -11.80    -20.59     0.164
   -3.43     -8.89     20.66       -3.49     -9.07     20.68     0.188
  -33.94     -3.83    -43.85      -33.95     -3.82    -43.87     0.028
  -35.27      3.64    -36.77      -35.28      3.65    -36.78     0.017
    1.91     20.13      5.19        1.90     20.14      5.18     0.017
   40.27      3.89     -1.56       40.15      3.88     -1.58     0.118
   -5.45     12.87     49.77       -5.34     12.84     49.77     0.114
   -7.02      6.87     58.19       -7.03      6.87     58.19     0.013
  -31.47    -28.64    -18.28      -31.43    -28.57    -18.31     0.097
   -0.10     -7.42     31.95       -0.11     -7.44     31.95     0.015
  -28.13    -29.11    -16.27      -28.12    -29.03    -16.30     0.086
   21.85     23.27     13.73       21.82     23.18     13.71     0.103
    6.69     -7.02     35.69        6.67     -6.87     35.68     0.146
   21.63     -5.41     22.82       21.52     -5.20     22.76     0.237
    5.50     -4.92    -23.65        5.45     -4.93    -23.58     0.087
    0.00     21.81     35.21       -0.00     21.77     35.20     0.043
  -22.99      8.12    -38.94      -22.99      8.03    -38.89     0.110
  -24.80      0.92    -45.68      -24.79      0.88    -45.63     0.059
   19.50     -6.02     22.06       19.51     -6.06     22.06     0.047
   20.70     13.00     55.42       20.74     13.01     55.42     0.038
  -11.36      0.10    -43.68      -11.37      0.10    -43.67     0.014
    9.31    -15.97     -3.56        9.33    -15.91     -3.57     0.064
   -1.25    -21.33    -19.96       -1.17    -21.41    -19.94     0.121
   24.74     17.31     23.91       24.64     17.26     23.88     0.117
   -8.00     18.84     14.10       -7.98     18.83     14.12     0.033
    2.41     20.04     43.23        2.41     20.02     43.22     0.031
   21.82    -15.71    -14.12       21.83    -15.76    -14.12     0.049
   30.21     -8.86      0.18       30.16     -8.79      0.17     0.085
  -27.53    -23.45    -43.59      -27.54    -23.46    -43.61     0.027
   10.42     -6.54     50.49       10.43     -6.57     50.49     0.033
  -43.33    -11.24    -22.03      -43.41    -11.25    -22.01     0.088
   29.91     21.16    -10.15       29.88     21.12    -10.15     0.048
  -12.41      5.19      7.35      -12.29      5.10      7.34     0.156
   25.49     23.55      4.79       25.54     23.63      4.80     0.096
   -7.61    -24.41    -15.24       -7.61    -24.41    -15.24     0.009
    2.28     -9.95    -26.56        2.19     -9.95    -26.48     0.119
   -8.73     -3.60     19.49       -8.80     -3.64     19.50     0.080
   -0.31    -17.59    -33.60       -0.36    -17.57    -33.59     0.053
  -12.58    -16.55     -5.61      -12.58    -16.54     -5.62     0.011
  -43.20     -6.49    -29.85      -43.15     -6.49    -29.83     0.059
  -30.24    -17.31    -46.48      -30.24    -17.31    -46.48     0.007
   20.51     21.94     21.06       20.52     21.99     21.07     0.054
   21.03      0.23     48.60       21.10      0.20     48.61     0.077
   -3.28    -19.59    -37.30       -3.28    -19.59    -37.30     0.002
   14.64     -4.72    -22.28       14.64     -4.72    -22.26     0.013
   24.61    -10.04    -22.97       24.61    -10.07    -23.00     0.043
   -0.17    -12.03    -32.14       -0.10    -12.00    -32.15     0.083
  -28.30      5.98    -39.62      -28.29      5.96    -39.61     0.023
   -7.04     22.44     17.41       -7.05     22.47     17.39     0.034
    6.63     -6.91     30.75        6.66     -7.10     30.76     0.202
  -22.49      6.47    -40.83      -22.49      6.51    -40.86     0.046
   29.26      8.03     20.74       29.30      8.03     20.76     0.043
  -12.30    -23.45    -43.10      -12.33    -23.40    -43.06     0.077
   25.66     23.63    -11.66       25.67     23.65    -11.66     0.017
  -18.60     11.05    -20.77      -18.58     11.09    -20.76     0.048
    7.78     -8.95     16.75        7.79     -8.99     16.76     0.045
  -18.68      9.73    -36.69      -18.69      9.77    -36.72     0.054
  -10.93     19.11     16.32      -10.90     19.10     16.35     0.043
   36.76      2.05    -15.89       36.77      2.05    -15.90     0.019
    9.90     24.62     -4.80        9.97     24.55     -4.77     0.100
   22.73     12.07     45.81       22.53     12.00     45.77     0.214
   18.95     -5.50     27.46       18.92     -5.35     27.44     0.148
    7.28      9.73     63.30        7.27      9.73     63.28     0.024
   10.50     21.38     50.90       10.50     21.38     50.90     0.003
   10.90      6.16    -16.30       10.93      6.03    -16.16     0.195
  -12.26     21.10     18.70      -12.28     21.12     18.67     0.040
  -21.45    -20.25     -6.69      -21.45    -20.21     -6.75     0.073
  -12.74     -8.15      4.08      -12.70     -8.11      4.04     0.069
    2.96    -15.82    -23.70        2.89    -15.78    -23.67     0.088
   -9.41    -25.53    -38.45       -9.39    -25.56    -38.46     0.036
   10.33     -6.38     35.57       10.34     -6.41     35.57     0.031
    2.84    -13.08    -25.70        2.76    -13.06    -25.64     0.105
    1.01      3.59     63.55        1.01      3.59     63.51     0.042
