75, pa4-A-Output.txt
    8.67    -16.04    -13.17        8.67    -16.04    -13.17     0.000
   -4.58      3.28    -27.69       -4.58      3.28    -27.69     0.003
  -42.97    -13.87    -21.59      -42.97    -13.87    -21.59     0.003
    8.63    -12.28    -20.69        8.64    -12.29    -20.69     0.004
  -20.97    -32.29    -32.36      -20.97    -32.29    -32.36     0.000
   18.21     13.02    -30.45       18.21     13.02    -30.45     0.000
  -30.85    -15.66     -7.39      -30.85    -15.66     -7.39     0.002
   29.58     21.35     -9.90       29.59     21.35     -9.90     0.006
   24.69     -6.14    -25.55       24.69     -6.14    -25.55     0.001
  -21.90    -32.78    -26.88      -21.90    -32.77    -26.88     0.004
   20.59     21.09     25.18       20.59     21.09     25.18     0.002
   31.57      1.43     16.29       31.57      1.43     16.29     0.001
   16.11      9.45    -21.41       16.11      9.45    -21.41     0.000
   18.17     -1.84     58.57       18.17     -1.83     58.57     0.006
  -32.69    -16.78     -8.41      -32.69    -16.78     -8.41     0.001
   23.46     12.07     39.09       23.47     12.07     39.09     0.002
  -17.63     10.44    -35.75      -17.63     10.44    -35.75     0.002
   21.00      4.04     58.83       21.00      4.04     58.83     0.001
   -2.81     -3.98    -31.46       -2.81     -3.98    -31.46     0.000
  -11.54     16.26     36.67      -11.54     16.26     36.68     0.002
    4.48    -15.83     -6.38        4.48    -15.82     -6.38     0.003
   -3.14      4.44    -23.96       -3.14      4.44    -23.96     0.001
   16.54     22.89     24.90       16.54     22.89     24.90     0.002
   10.39     -6.24     62.85       10.39     -6.24     62.85     0.002
   -2.11      5.27    -22.29       -2.11      5.27    -22.29     0.001
   -2.67    -23.03    -20.05       -2.67    -23.02    -20.05     0.005
   14.64    -16.51    -11.74       14.64    -16.51    -11.74     0.001
   35.67      4.17     11.44       35.67      4.17     11.44     0.000
    0.63    -12.25      4.35        0.63    -12.25      4.35     0.000
   -0.18     -8.94    -29.82       -0.18     -8.94    -29.82     0.003
  -15.66    -17.31    -47.20      -15.66    -17.31    -47.20     0.001
   10.46      1.41     63.17       10.46      1.41     63.17     0.001
    9.05     -6.48    -21.90        9.05     -6.48    -21.90     0.001
  -21.87    -24.66    -43.61      -21.87    -24.66    -43.61     0.002
   29.41     13.11     17.48       29.41     13.11     17.48     0.000
   -1.81    -10.64     13.67       -1.81    -10.65     13.67     0.006
   -0.15    -19.86    -27.21       -0.15    -19.86    -27.21     0.000
   -0.10    -14.21    -33.58       -0.10    -14.21    -33.58     0.002
  -31.23    -18.79    -45.08      -31.24    -18.79    -45.08     0.000
   11.41    -12.99      4.68       11.41    -13.00      4.68     0.004
   -0.06    -14.30    -33.49       -0.06    -14.30    -33.49     0.000
   12.62     -7.18    -21.82       12.62     -7.18    -21.82     0.000
  -31.71      7.73    -33.18      -31.71      7.73    -33.18     0.004
   -8.59    -27.57    -34.12       -8.59    -27.57    -34.12     0.001
   38.44      0.77      7.19       38.44      0.77      7.19     0.002
   -9.24     18.60     38.19       -9.24     18.60     38.19     0.000
   17.33     -8.12    -22.15       17.33     -8.12    -22.15     0.001
    0.66    -11.26     10.62        0.66    -11.26     10.62     0.001
   31.38     11.41     14.89       31.38     11.41     14.89     0.000
   16.76     -7.42     16.11       16.76     -7.42     16.11     0.001
   14.37     23.66    -20.05       14.37     23.65    -20.05     0.003
   22.75      9.88     48.48       22.75      9.88     48.48     0.000
   32.05      0.26     15.21       32.05      0.26     15.21     0.001
   -0.43     -4.71    -28.43       -0.43     -4.71    -28.43     0.001
  -42.03     -3.24    -19.18      -42.03     -3.24    -19.18     0.002
   35.80     -1.35     10.50       35.80     -1.35     10.50     0.000
   39.88      4.70     -7.21       39.88      4.70     -7.21     0.003
   28.92     -9.02      1.91       28.92     -9.02      1.91     0.000
  -40.53    -19.49    -31.20      -40.53    -19.50    -31.20     0.004
  -21.12    -28.42    -13.07      -21.12    -28.41    -13.07     0.003
    5.05     -7.53    -24.31        5.05     -7.53    -24.31     0.002
   -5.17    -10.54    -42.53       -5.17    -10.54    -42.53     0.002
   -2.96    -10.82      9.22       -2.96    -10.82      9.22     0.000
   -2.32    -22.01    -17.97       -2.32    -22.02    -17.97     0.001
   -9.45    -25.04    -39.20       -9.45    -25.04    -39.20     0.001
  -11.73      2.71     15.45      -11.72      2.71     15.45     0.003
   11.56     -8.35     15.83       11.56     -8.35     15.83     0.003
  -40.16    -10.44    -34.77      -40.16    -10.44    -34.77     0.001
    2.70    -15.46    -24.48        2.71    -15.46    -24.48     0.002
   32.75     18.35      3.21       32.75     18.34      3.21     0.003
  -10.13    -27.69    -35.85      -10.13    -27.69    -35.85     0.003
   23.14      2.42     42.47       23.14      2.42     42.47     0.002
   25.66      4.07    -29.82       25.66      4.07    -29.82     0.000
   20.34      6.44    -28.42       20.34      6.44    -28.42     0.002
   -0.08     22.51     13.29       -0.08     22.51     13.29     0.000
