200, pa4-H-Output.txt
   18.56     -0.61    -23.18       18.56     -0.61    -23.18     0.002
    3.02     -5.02    -25.15        3.02     -5.02    -25.15     0.001
    1.07     18.85     49.44        1.07     18.84     49.44     0.001
   32.06     -5.51      9.60       32.06     -5.51      9.60     0.000
   28.89     21.73      3.90       28.88     21.72      3.90     0.008
    1.80     -7.24     33.71        1.80     -7.24     33.71     0.006
  -37.76    -22.88    -17.86      -37.76    -22.88    -17.86     0.000
   12.52      1.32     63.05       12.52      1.32     63.05     0.005
   -6.76     14.44     43.24       -6.76     14.44     43.24     0.005
   -6.79     -0.60     33.28       -6.79     -0.60     33.28     0.001
    6.90     20.89     42.07        6.89     20.89     42.07     0.007
   -4.99     19.77     12.91       -4.99     19.77     12.91     0.000
   27.90     22.56     -3.91       27.90     22.56     -3.91     0.000
   12.02     -3.14     63.20       12.02     -3.14     63.21     0.004
   33.74     16.01    -14.79       33.74     16.01    -14.79     0.002
   -8.35     -5.29     17.85       -8.35     -5.29     17.85     0.001
   14.12     -9.43     11.06       14.12     -9.43     11.06     0.003
   33.43      1.67    -23.51       33.43      1.67    -23.52     0.003
   38.22     11.28      1.27       38.21     11.28      1.27     0.003
  -19.13    -19.12     -6.60      -19.13    -19.12     -6.60     0.001
  -36.89    -25.80    -23.23      -36.89    -25.80    -23.23     0.004
   27.47     10.13     24.62       27.47     10.13     24.62     0.004
    4.33    -15.21     -4.22        4.33    -15.22     -4.22     0.002
   11.37     17.36     63.10       11.37     17.36     63.11     0.003
   -9.85      6.46     25.94       -9.85      6.46     25.94     0.002
   21.66      3.50     53.17       21.67      3.50     53.17     0.002
    4.26     -7.27     53.77        4.26     -7.27     53.77     0.000
   -0.13      5.62    -20.77       -0.12      5.62    -20.77     0.005
    6.42     18.80     -5.06        6.42     18.80     -5.05     0.004
   38.06     11.73     -2.37       38.05     11.73     -2.37     0.007
  -40.35    -20.49    -19.98      -40.35    -20.49    -19.98     0.002
  -40.45    -10.94    -14.48      -40.45    -10.94    -14.48     0.001
   24.89     24.38     -4.37       24.89     24.37     -4.37     0.005
   38.05      7.00      8.06       38.06      7.00      8.07     0.007
  -35.66    -26.81    -29.51      -35.65    -26.81    -29.51     0.005
   -4.70    -26.10    -27.64       -4.70    -26.10    -27.64     0.004
   -1.16     17.40      6.60       -1.17     17.40      6.60     0.008
   -2.47     10.08     -7.19       -2.47     10.07     -7.19     0.007
   -9.45      5.83     26.55       -9.45      5.83     26.55     0.000
   -0.45     -6.96     34.92       -0.45     -6.95     34.92     0.007
  -40.18    -16.71    -32.52      -40.18    -16.71    -32.53     0.003
   17.15     -3.77     51.75       17.15     -3.77     51.75     0.007
    8.17    -15.20     -1.79        8.17    -15.20     -1.79     0.000
    3.01     19.58      2.76        3.00     19.58      2.75     0.004
   10.33     21.23     49.38       10.33     21.23     49.37     0.003
   20.63     -6.38    -24.12       20.63     -6.37    -24.12     0.000
   30.84      8.12    -27.75       30.85      8.12    -27.75     0.005
   19.84     -8.66      8.47       19.84     -8.66      8.47     0.000
   13.57     -7.94     15.80       13.57     -7.94     15.80     0.003
   -5.29     -1.98     61.61       -5.28     -1.97     61.61     0.003
   12.77    -15.68     -0.26       12.77    -15.68     -0.26     0.003
    9.80     -6.45     38.57        9.81     -6.46     38.57     0.011
   -6.25      0.88     51.38       -6.25      0.88     51.38     0.001
   -5.88     15.21     10.20       -5.88     15.21     10.20     0.005
   31.93     -2.82    -24.92       31.93     -2.82    -24.92     0.002
  -13.81     22.98     27.22      -13.81     22.99     27.22     0.007
   20.19     15.36     48.59       20.18     15.36     48.59     0.004
  -36.10     -9.12    -44.03      -36.09     -9.12    -44.02     0.005
   -2.34    -21.15    -34.22       -2.34    -21.15    -34.22     0.000
    4.18      7.03    -16.68        4.18      7.03    -16.68     0.001
   37.30      8.95    -11.43       37.30      8.95    -11.43     0.003
   11.39     25.48     12.49       11.39     25.48     12.49     0.006
   -8.17     -6.77     14.40       -8.17     -6.77     14.40     0.004
   -5.89      2.40    -31.22       -5.89      2.40    -31.22     0.001
  -41.92     -7.64    -31.90      -41.92     -7.63    -31.90     0.002
    8.78     26.03      5.16        8.78     26.03      5.16     0.001
   26.68    -13.00    -16.36       26.68    -13.00    -16.36     0.000
   -0.85     21.20     11.45       -0.84     21.20     11.45     0.006
   -9.14    -25.14    -38.75       -9.14    -25.14    -38.75     0.002
   13.90     20.84     52.50       13.90     20.85     52.50     0.002
   19.07     12.76     62.45       19.07     12.76     62.45     0.001
   28.53     -0.59    -28.41       28.53     -0.59    -28.41     0.000
   18.51     -1.50     58.23       18.51     -1.50     58.23     0.000
   -2.63     -3.40     63.45       -2.63     -3.40     63.45     0.001
    3.29    -16.48     -7.63        3.29    -16.48     -7.62     0.002
    5.39     17.99     -3.38        5.39     17.99     -3.38     0.004
   12.26     24.95     15.00       12.26     24.95     15.00     0.003
  -14.61     14.75     19.16      -14.61     14.75     19.16     0.005
   -1.48     17.37      7.10       -1.48     17.37      7.10     0.000
  -40.44      0.39    -20.56      -40.44      0.38    -20.56     0.005
    7.29     20.76     -5.39        7.28     20.76     -5.39     0.008
   -3.47     16.73      9.00       -3.47     16.73      9.00     0.002
    7.87      7.57    -15.08        7.87      7.57    -15.08     0.002
   29.41     14.83     15.44       29.41     14.83     15.44     0.002
   11.07     18.14    -11.99       11.07     18.14    -11.99     0.001
   -3.44      8.71    -14.64       -3.44      8.71    -14.64     0.002
   -0.46    -17.59    -33.77       -0.45    -17.59    -33.77     0.005
   21.76     -4.42     25.53       21.76     -4.43     25.53     0.005
  -37.16      0.05    -38.72      -37.16      0.05    -38.72     0.002
  -10.06    -22.71    -11.30      -10.06    -22.71    -11.30     0.000
  -27.55     -6.79    -48.03      -27.56     -6.79    -48.03     0.002
    6.74    -10.77    -22.67        6.74    -10.77    -22.67     0.002
   11.50     -7.11    -21.74       11.50     -7.11    -21.74     0.005
   -0.05      3.92     63.45       -0.05      3.92     63.45     0.000
   18.84     -8.01    -23.31       18.84     -8.01    -23.31     0.003
   19.43     15.67     52.47       19.42     15.66     52.47     0.014
   -1.03     17.74      6.74       -1.03     17.74      6.74     0.002
   24.53     -3.75     22.28       24.53     -3.75     22.28     0.001
  -11.04    -25.57    -13.73      -11.04    -25.57    -13.73     0.003
   11.91      4.54     62.97       11.91      4.54     62.97     0.002
   33.84     15.54      8.31       33.83     15.54      8.31     0.004
    7.24     -8.67     18.28        7.25     -8.67     18.29     0.004
   -3.65     10.01     -5.56       -3.64     10.01     -5.55     0.002
  -22.85    -25.37    -10.00      -22.85    -25.37    -10.00     0.001
  -19.35    -32.63    -26.76      -19.35    -32.64    -26.76     0.006
   18.74     20.74     34.46       18.74     20.74     34.46     0.005
   19.46     -0.81     54.87       19.46     -0.81     54.87     0.003
   13.15     10.94    -14.04       13.16     10.94    -14.03     0.006
   -6.96      9.49      0.81       -6.96      9.50      0.81     0.004
  -11.70      9.66     28.06      -11.70      9.66     28.06     0.003
   -0.70    -10.90     12.42       -0.70    -10.90     12.42     0.003
   35.58      0.77    -19.22       35.58      0.77    -19.22     0.000
   34.67      3.21     12.57       34.67      3.21     12.57     0.001
   11.64     24.86     15.12       11.64     24.87     15.12     0.002
   18.72    -10.71      4.56       18.72    -10.71      4.56     0.001
   21.12     -3.64     32.12       21.12     -3.64     32.12     0.002
    3.35     -3.26    -24.44        3.35     -3.26    -24.45     0.004
   14.23     24.23    -12.81       14.23     24.23    -12.81     0.004
    7.27     -6.90     47.53        7.27     -6.90     47.53     0.002
   -4.53     16.84     10.25       -4.53     16.84     10.25     0.003
   -6.67    -17.34     -6.25       -6.67    -17.34     -6.25     0.001
   22.75    -13.12    -20.10       22.75    -13.12    -20.10     0.002
   -5.33    -21.79    -13.22       -5.33    -21.78    -13.22     0.002
   11.43     -6.37     41.55       11.43     -6.37     41.55     0.000
   35.74     11.42    -14.36       35.74     11.42    -14.36     0.000
   14.09     26.26     -6.10       14.09     26.25     -6.10     0.005
  -12.82     16.86     17.19      -12.82     16.86     17.19     0.000
    2.38     -6.86     49.97        2.38     -6.86     49.97     0.004
  -12.94     18.02     17.57      -12.94     18.02     17.57     0.000
   34.29     10.82     11.20       34.29     10.82     11.20     0.002
   -3.05     -4.80    -35.82       -3.05     -4.80    -35.82     0.000
  -36.33     -0.27    -13.68      -36.33     -0.27    -13.68     0.002
   26.67     23.14    -14.42       26.67     23.14    -14.42     0.002
  -26.79    -32.19    -26.15      -26.79    -32.19    -26.15     0.001
  -41.22    -18.36    -20.27      -41.22    -18.36    -20.27     0.003
  -10.64      3.71    -40.25      -10.63      3.71    -40.25     0.004
    2.01     18.93     50.79        2.01     18.93     50.79     0.003
  -36.25     -4.30    -42.26      -36.25     -4.30    -42.26     0.000
   35.27     -1.45     11.10       35.27     -1.45     11.10     0.005
    3.70     18.88     56.64        3.69     18.89     56.64     0.006
   20.46     12.34     60.00       20.46     12.33     60.00     0.003
   31.16     -6.64    -23.02       31.16     -6.64    -23.02     0.002
  -32.02      1.29    -41.86      -32.02      1.29    -41.86     0.002
   -0.47    -18.10    -33.07       -0.47    -18.10    -33.07     0.001
  -11.58     23.16     20.30      -11.58     23.15     20.31     0.008
   13.94    -13.36      3.24       13.94    -13.36      3.24     0.000
   21.78      0.32     45.14       21.77      0.32     45.14     0.007
   24.96     -4.18     19.83       24.96     -4.18     19.83     0.002
   -3.38    -16.60    -39.47       -3.38    -16.60    -39.47     0.000
   19.02      5.41     62.58       19.02      5.41     62.57     0.001
   14.76    -17.33     -9.17       14.76    -17.34     -9.17     0.003
   -3.83     -2.49    -35.25       -3.83     -2.49    -35.25     0.000
  -40.15      1.60    -23.62      -40.15      1.60    -23.62     0.002
  -29.04     -8.93     -7.26      -29.04     -8.93     -7.26     0.001
   20.20     -4.06    -23.99       20.20     -4.06    -24.00     0.003
    9.84      6.98     62.91        9.84      6.98     62.91     0.002
  -10.05      8.46    -27.58      -10.05      8.46    -27.58     0.002
   -5.18    -24.20    -34.57       -5.18    -24.19    -34.57     0.006
   28.25     -5.05     13.69       28.24     -5.05     13.69     0.004
    9.54      2.61     63.06        9.54      2.61     63.07     0.003
   11.93     -7.17     22.06       11.93     -7.17     22.06     0.000
   27.76    -12.43    -14.37       27.75    -12.42    -14.37     0.007
  -38.85     -2.24    -15.29      -38.85     -2.24    -15.29     0.002
  -17.67    -28.39    -39.41      -17.67    -28.39    -39.41     0.000
  -24.21    -21.00     -7.10      -24.21    -21.00     -7.10     0.003
    4.47     -7.60     27.62        4.47     -7.60     27.62     0.007
   11.95     24.66     -8.16       11.95     24.66     -8.16     0.000
   22.34     20.31     22.83       22.34     20.31     22.83     0.004
   -9.26    -27.48    -35.19       -9.27    -27.47    -35.19     0.011
    1.01     -8.95     23.90        1.01     -8.95     23.90     0.003
  -29.21    -10.16    -47.66      -29.21    -10.16    -47.66     0.000
  -40.15    -14.91    -14.98      -40.15    -14.91    -14.98     0.005
   31.84     13.31    -23.24       31.84     13.31    -23.24     0.005
   22.72     -5.51    -25.35       22.72     -5.51    -25.35     0.000
   14.43     27.20      3.15       14.43     27.20      3.15     0.004
   36.16     -2.57     -4.19       36.16     -2.57     -4.19     0.004
  -33.70      1.55    -40.72      -33.70      1.55    -40.72     0.000
  -40.25    -11.11    -32.19      -40.26    -11.12    -32.19     0.005
    4.58    -16.38    -19.69        4.57    -16.37    -19.69     0.006
   21.27     13.22     50.47       21.28     13.22     50.47     0.009
  -31.36      9.42    -24.29      -31.36      9.42    -24.29     0.002
   22.44      7.85     51.24       22.43      7.85     51.24     0.005
   34.14      8.25    -21.96       34.14      8.25    -21.96     0.001
  -39.42    -10.78    -40.12      -39.42    -10.78    -40.12     0.001
   -3.92     16.06      8.85       -3.92     16.06      8.85     0.003
   -7.18     15.65     41.25       -7.17     15.65     41.25     0.007
  -10.90    -12.49     -0.21      -10.90    -12.49     -0.21     0.003
   11.46     23.38     24.50       11.46     23.37     24.50     0.003
   -8.55    -12.36      0.95       -8.55    -12.36      0.95     0.001
   19.21     14.76     59.34       19.21     14.76     59.34     0.002
  -21.71     -0.94    -46.90      -21.71     -0.94    -46.89     0.003
   -8.08     -1.18    -41.83       -8.08     -1.18    -41.83     0.000
   19.38     -4.71     31.72       19.38     -4.70     31.72     0.007
   27.38     22.70    -15.23       27.38     22.70    -15.23     0.001
   29.91     21.08      0.09       29.91     21.08      0.09     0.005
  -11.55     -7.97      5.34      -11.55     -7.97      5.34     0.001
  -29.21    -20.25     -7.65      -29.21    -20.25     -7.65     0.002
   39.21      4.09    -10.13       39.20      4.09    -10.13     0.004
   -9.17      2.38     24.00       -9.17      2.38     24.00     0.002
  -29.03     -7.44    -47.49      -29.03     -7.44    -47.49     0.006
