200, pa4-G-Output.txt
    3.14     -5.95    -25.39        3.13     -5.95    -25.39     0.004
   35.85     -3.45     -8.67       35.85     -3.45     -8.67     0.002
  -14.85     11.28    -23.54      -14.85     11.29    -23.54     0.004
  -17.30      4.69    -42.67      -17.30      4.69    -42.67     0.001
   23.60     17.84     25.49       23.60     17.84     25.49     0.002
   26.44      7.43    -30.25       26.44      7.43    -30.25     0.001
   -7.14     -8.32     12.04       -7.14     -8.32     12.04     0.000
  -36.83    -25.73    -29.06      -36.83    -25.72    -29.06     0.003
   -1.90    -11.12    -37.30       -1.90    -11.12    -37.30     0.002
   -6.63     23.65     19.06       -6.63     23.65     19.06     0.000
  -15.54      0.96    -45.41      -15.54      0.96    -45.40     0.001
   38.57      8.03     -8.98       38.56      8.03     -8.98     0.003
   20.23     20.25     29.55       20.23     20.25     29.55     0.001
   10.77     -6.49     31.63       10.77     -6.50     31.63     0.005
  -40.20     -7.57    -37.48      -40.19     -7.57    -37.48     0.004
   10.26     26.42      1.99       10.25     26.42      1.99     0.010
    1.10     -1.67    -24.98        1.10     -1.67    -24.98     0.005
   -7.69      2.00     29.90       -7.69      2.00     29.90     0.001
    0.08     20.32      8.34        0.08     20.32      8.34     0.003
   -3.58     12.33      1.54       -3.58     12.33      1.54     0.003
  -39.20    -10.57    -12.60      -39.20    -10.57    -12.60     0.009
   -3.61     16.72      9.15       -3.61     16.72      9.15     0.000
   12.77     -6.61     25.65       12.77     -6.62     25.65     0.005
   -4.50      0.78    -30.30       -4.51      0.78    -30.30     0.002
   38.35     -0.07      0.59       38.35     -0.07      0.59     0.001
  -29.93    -29.67    -19.05      -29.93    -29.67    -19.05     0.001
   -0.40    -15.03    -34.65       -0.40    -15.03    -34.65     0.005
   25.76     -0.74    -28.39       25.76     -0.74    -28.39     0.001
  -39.78     -7.60    -39.04      -39.78     -7.60    -39.04     0.000
   -6.64      1.91     54.07       -6.64      1.91     54.07     0.000
    9.92     20.71     58.58        9.92     20.71     58.58     0.005
   14.97     -8.10    -21.90       14.97     -8.10    -21.90     0.001
   27.57     22.83     -7.93       27.57     22.83     -7.93     0.001
  -18.09    -32.20    -31.05      -18.09    -32.20    -31.05     0.000
   10.24     25.00     14.35       10.24     25.00     14.35     0.001
  -21.80     11.99    -24.63      -21.80     12.00    -24.63     0.012
  -22.54     10.53    -35.15      -22.54     10.53    -35.15     0.003
  -17.48    -30.95    -18.48      -17.48    -30.94    -18.48     0.005
    1.68      1.44     63.49        1.68      1.44     63.49     0.000
    1.72    -16.78     -7.71        1.72    -16.78     -7.71     0.001
  -27.05    -29.17    -37.16      -27.05    -29.16    -37.16     0.007
    6.20     20.21     50.36        6.20     20.21     50.36     0.000
   34.64     -0.10    -21.76       34.64     -0.10    -21.76     0.007
   -1.61     16.41     54.70       -1.62     16.41     54.70     0.009
   23.25      5.56    -30.06       23.25      5.56    -30.06     0.001
    9.71      7.27    -15.23        9.71      7.27    -15.23     0.001
   22.21     -6.24     15.45       22.21     -6.24     15.45     0.001
   -2.76     -5.98     36.30       -2.75     -5.97     36.30     0.010
    5.82     22.42     30.86        5.82     22.42     30.86     0.002
  -14.41     -1.05    -46.28      -14.41     -1.04    -46.29     0.004
  -22.92    -20.44     -6.87      -22.92    -20.44     -6.87     0.003
  -17.58    -25.50    -10.79      -17.58    -25.50    -10.79     0.003
    6.95     17.71     62.97        6.95     17.71     62.97     0.002
  -11.83    -30.23    -31.04      -11.83    -30.23    -31.04     0.001
  -14.43     -0.03    -45.61      -14.43     -0.02    -45.61     0.002
  -11.77      4.56     16.09      -11.77      4.56     16.09     0.003
   11.23     21.63     43.53       11.22     21.64     43.53     0.011
  -37.77    -17.00    -40.48      -37.76    -17.00    -40.47     0.006
  -27.29    -31.27    -20.73      -27.29    -31.27    -20.73     0.004
   13.23     -5.96     49.73       13.23     -5.96     49.73     0.005
  -11.16    -22.84    -42.88      -11.16    -22.85    -42.89     0.004
  -17.57     -7.85     -1.31      -17.58     -7.85     -1.31     0.007
   14.69     23.83    -21.21       14.70     23.82    -21.21     0.005
   -7.56     11.48      8.01       -7.57     11.49      8.01     0.009
  -15.64     11.62    -27.82      -15.64     11.62    -27.82     0.000
  -18.78     -8.85     -2.78      -18.78     -8.85     -2.78     0.004
   14.78     21.53     43.95       14.78     21.53     43.95     0.005
   14.21     23.89    -14.64       14.20     23.89    -14.64     0.003
  -13.86     21.64     21.16      -13.86     21.63     21.16     0.001
   34.03     -5.31    -18.28       34.04     -5.31    -18.28     0.003
   25.08    -13.70    -17.19       25.08    -13.70    -17.19     0.004
   25.89     22.56      9.18       25.89     22.57      9.19     0.010
    0.76     -9.09    -28.53        0.76     -9.09    -28.53     0.001
  -18.69    -32.51    -29.77      -18.69    -32.52    -29.77     0.009
   17.61     19.96     42.48       17.61     19.95     42.48     0.009
    1.30     13.76     -2.81        1.30     13.75     -2.80     0.006
   27.24     22.31      7.56       27.24     22.32      7.56     0.006
  -27.53    -18.00    -46.86      -27.53    -18.00    -46.86     0.006
   35.55     -2.99     -2.02       35.55     -2.99     -2.02     0.003
   11.63     20.58     57.95       11.63     20.58     57.95     0.000
   -6.80     21.67     16.11       -6.80     21.67     16.12     0.007
  -37.66    -20.21    -37.86      -37.66    -20.21    -37.86     0.001
  -25.40     10.92    -20.13      -25.40     10.92    -20.13     0.001
  -38.44    -23.27    -31.61      -38.44    -23.28    -31.61     0.004
  -13.29     18.55     17.94      -13.28     18.55     17.94     0.007
  -15.98     18.82     23.91      -15.98     18.82     23.91     0.000
   17.58     -4.93     35.72       17.59     -4.93     35.72     0.003
   17.15     23.03     21.93       17.15     23.04     21.93     0.009
   -3.96    -22.82    -16.65       -3.96    -22.82    -16.65     0.001
    3.54     -7.39     62.22        3.54     -7.39     62.22     0.002
    0.62     -8.06    -28.38        0.62     -8.06    -28.38     0.002
   -0.37     17.07     57.86       -0.36     17.07     57.86     0.006
  -14.95     -7.46      2.09      -14.96     -7.46      2.09     0.005
   -1.75     12.82     -0.69       -1.75     12.82     -0.69     0.002
  -34.75    -27.01    -20.57      -34.75    -27.02    -20.57     0.008
   20.41     11.68     61.38       20.40     11.68     61.38     0.002
  -29.65    -20.64     -8.04      -29.65    -20.64     -8.04     0.003
   27.07     10.99     25.12       27.06     10.99     25.12     0.001
   29.83     20.95    -15.64       29.83     20.94    -15.64     0.002
   35.39     -3.16     -2.13       35.39     -3.17     -2.13     0.006
  -39.86    -14.31    -36.30      -39.86    -14.31    -36.30     0.004
  -11.31     -4.22     10.41      -11.31     -4.22     10.41     0.002
  -13.94    -11.15    -48.19      -13.94    -11.15    -48.19     0.003
   27.47     13.52     21.30       27.47     13.52     21.30     0.003
   32.36     -5.07    -23.07       32.36     -5.07    -23.07     0.001
   24.52     -2.17     26.78       24.52     -2.16     26.78     0.004
   -9.22      7.09     29.20       -9.22      7.09     29.19     0.001
    3.59     -7.29     62.57        3.59     -7.28     62.57     0.006
   37.85     11.69      4.39       37.85     11.69      4.39     0.001
   20.11      0.54     56.60       20.12      0.53     56.60     0.003
    1.19     20.41      6.75        1.19     20.41      6.75     0.000
   12.50     -0.13    -21.34       12.50     -0.13    -21.34     0.004
   -1.76     15.74      4.88       -1.77     15.74      4.88     0.004
   24.60     -2.21     26.43       24.59     -2.20     26.43     0.013
  -26.82      2.58    -13.20      -26.82      2.58    -13.20     0.007
    1.86    -12.96      1.11        1.86    -12.96      1.11     0.002
   12.23     25.53     -6.78       12.23     25.53     -6.78     0.002
   21.26      5.34     58.80       21.26      5.34     58.80     0.000
  -22.95     10.35    -35.56      -22.95     10.35    -35.56     0.001
  -22.83      7.99    -38.96      -22.83      8.00    -38.96     0.005
   35.34     -1.42     11.03       35.34     -1.42     11.03     0.003
   19.19      2.85    -24.46       19.19      2.85    -24.46     0.001
   -9.15     10.86     35.89       -9.14     10.86     35.88     0.006
  -14.88     12.96     30.14      -14.88     12.95     30.14     0.004
   -7.08    -24.99    -36.56       -7.08    -24.99    -36.56     0.003
  -38.81     -9.81    -11.92      -38.81     -9.81    -11.92     0.000
   31.41     19.62     -7.62       31.42     19.63     -7.62     0.003
  -16.00      2.25    -44.51      -16.00      2.25    -44.51     0.000
   25.77     16.34     21.61       25.77     16.34     21.61     0.006
    8.23     -7.33     60.55        8.23     -7.32     60.55     0.005
  -17.16      6.01    -13.14      -17.16      6.01    -13.14     0.001
  -34.83      1.60    -39.79      -34.83      1.61    -39.79     0.005
   18.61      6.72    -25.82       18.61      6.72    -25.82     0.004
   -6.72     -6.69     21.64       -6.72     -6.68     21.64     0.002
  -25.64    -32.33    -27.73      -25.64    -32.33    -27.73     0.005
   -8.23     -7.42     12.04       -8.23     -7.42     12.04     0.002
  -31.95    -28.19    -18.09      -31.95    -28.19    -18.09     0.002
    8.92     22.31     32.13        8.92     22.32     32.13     0.005
   23.14     25.29     -1.03       23.14     25.28     -1.03     0.008
   -3.78    -11.05      7.20       -3.78    -11.04      7.20     0.004
  -34.99    -27.62    -27.30      -34.99    -27.62    -27.30     0.003
   11.98     21.44    -14.02       11.99     21.44    -14.02     0.006
   23.43      4.43    -29.86       23.43      4.43    -29.87     0.001
  -42.11     -3.32    -19.42      -42.11     -3.33    -19.42     0.004
   -1.92     18.69     44.80       -1.92     18.69     44.80     0.001
   -6.98    -19.27    -42.31       -6.98    -19.27    -42.30     0.006
   22.72    -12.08     -1.97       22.73    -12.09     -1.97     0.005
   28.91     21.36    -17.49       28.92     21.36    -17.49     0.005
    6.29     -7.42     60.84        6.29     -7.41     60.84     0.011
   14.62     21.32     47.83       14.62     21.33     47.83     0.008
   20.20     -0.38     52.88       20.20     -0.38     52.88     0.003
  -41.60     -0.98    -23.80      -41.60     -0.98    -23.80     0.003
  -28.92    -29.54    -35.21      -28.93    -29.54    -35.22     0.007
   -9.86      3.43     21.92       -9.85      3.43     21.92     0.012
    3.30     14.87     -4.01        3.30     14.87     -4.00     0.002
  -31.07    -27.36    -15.94      -31.07    -27.37    -15.94     0.006
   22.74    -14.11     -4.69       22.74    -14.10     -4.69     0.001
    6.92     21.03     41.44        6.92     21.03     41.44     0.004
   21.10      4.08    -28.07       21.10      4.08    -28.07     0.002
   30.14     20.30      7.23       30.14     20.30      7.23     0.001
   12.10     20.57     57.60       12.09     20.56     57.60     0.009
  -31.28    -23.73    -11.33      -31.27    -23.72    -11.33     0.002
   -9.33     24.36     29.90       -9.33     24.36     29.90     0.006
   21.52     -1.98     37.24       21.52     -1.98     37.24     0.011
  -11.22      3.99    -40.51      -11.22      4.00    -40.51     0.004
   -4.89     24.55     22.79       -4.89     24.54     22.79     0.010
  -28.87    -30.30    -19.61      -28.87    -30.31    -19.61     0.004
    6.02     21.60     -1.14        6.03     21.60     -1.14     0.007
  -25.43      6.56    -40.17      -25.43      6.56    -40.17     0.002
    6.18     20.10     -3.70        6.18     20.10     -3.70     0.001
   31.22     -5.70    -23.81       31.22     -5.70    -23.80     0.006
   34.61     -3.57    -19.29       34.61     -3.57    -19.29     0.002
   14.35     20.95     50.73       14.34     20.94     50.73     0.011
   29.04      6.46     21.89       29.03      6.46     21.89     0.003
   17.61     18.95     46.59       17.61     18.94     46.58     0.011
    0.30    -13.59     -0.74        0.30    -13.59     -0.74     0.001
   37.15     13.03      4.93       37.15     13.03      4.93     0.005
   14.66     -5.65     44.01       14.66     -5.65     44.01     0.003
  -32.08     -6.31     -8.65      -32.08     -6.31     -8.65     0.001
  -28.04     -0.09    -44.91      -28.04     -0.08    -44.92     0.003
   -5.65     23.92     19.75       -5.65     23.92     19.75     0.000
   22.03      0.84     44.97       22.03      0.84     44.97     0.007
   -0.32    -20.18    -27.22       -0.32    -20.18    -27.22     0.001
    1.37    -14.27    -27.20        1.37    -14.27    -27.19     0.004
   17.63     -9.31    -21.37       17.63     -9.31    -21.37     0.006
  -34.88      3.23    -15.15      -34.88      3.23    -15.15     0.001
    3.91     24.43     15.73        3.91     24.43     15.73     0.000
   -3.31     18.28     10.11       -3.31     18.27     10.11     0.004
  -22.27     -6.81     -4.73      -22.27     -6.81     -4.73     0.001
  -36.53      5.77    -28.26      -36.53      5.77    -28.26     0.002
  -11.70      7.42     18.74      -11.71      7.42     18.74     0.004
   -7.25     22.64     17.74       -7.25     22.64     17.74     0.002
    6.83     -7.31     58.90        6.83     -7.31     58.90     0.004
  -18.50    -15.54     -5.35      -18.50    -15.54     -5.36     0.003
    8.55     -6.65     41.98        8.55     -6.65     41.98     0.000
  -25.48    -32.45    -26.27      -25.48    -32.45    -26.28     0.002
   24.32      0.85     34.16       24.32      0.84     34.16     0.006
  -34.50    -20.43    -11.29      -34.50    -20.44    -11.29     0.001
  -30.07     10.07    -24.04      -30.07     10.07    -24.04     0.002
  -12.62     -4.81    -47.17      -12.62     -4.81    -47.17     0.002
