200, pa4-J-Output.txt
  -21.20     -8.24     -3.64      -21.16     -8.24     -3.70     0.067
  -37.89    -12.82    -42.20      -37.87    -12.82    -42.19     0.025
   16.99     27.22     -1.94       16.99     27.21     -1.94     0.008
   15.56     14.31    -29.72       15.56     14.31    -29.72     0.002
  -35.91     -8.83     -8.63      -35.94     -8.79     -8.56     0.079
   10.85     22.93     28.57       10.85     22.87     28.56     0.059
   39.23      3.91     -9.56       39.37      3.92     -9.60     0.146
  -25.63    -32.10    -30.43      -25.65    -32.16    -30.45     0.057
  -12.15    -25.82    -13.04      -12.19    -25.75    -13.08     0.086
  -38.59    -24.13    -25.59      -38.62    -24.16    -25.59     0.037
   31.30     -8.20     -5.80       31.32     -8.23     -5.80     0.035
   14.63     -5.41     50.78       14.59     -5.33     50.78     0.086
  -10.31    -22.84    -11.26      -10.32    -22.77    -11.32     0.097
  -38.42    -19.99    -36.30      -38.55    -20.07    -36.37     0.165
  -18.44    -29.69    -37.96      -18.47    -29.58    -37.89     0.130
   39.40      8.94     -0.49       39.37      8.94     -0.49     0.027
    0.24    -18.52    -27.02        0.39    -18.58    -27.04     0.159
  -35.67    -15.56    -43.61      -35.68    -15.57    -43.62     0.007
  -35.75    -27.18    -27.02      -35.68    -27.10    -27.01     0.112
   -4.90    -18.17    -40.19       -4.91    -18.17    -40.19     0.008
   -7.79     11.63     39.35       -7.84     11.62     39.35     0.049
   35.49     -3.36    -17.30       35.60     -3.41    -17.35     0.126
   -2.95    -21.91    -34.54       -2.98    -21.89    -34.51     0.037
  -12.77     23.45     22.63      -12.77     23.44     22.63     0.011
   -1.74     -0.23    -26.82       -1.70     -0.21    -26.85     0.056
  -41.42     -2.32    -32.41      -41.38     -2.33    -32.39     0.037
  -15.27    -24.32    -10.54      -15.27    -24.34    -10.52     0.025
   18.75     20.20    -28.88       18.79     20.24    -28.93     0.079
  -11.20    -28.78    -18.41      -11.20    -28.79    -18.41     0.008
   -9.24      7.39     -8.91       -9.27      7.45     -8.91     0.060
   36.71      7.45    -14.91       36.71      7.45    -14.91     0.003
   25.36     15.01     25.35       25.32     14.99     25.34     0.047
    1.29     18.72     51.11        1.30     18.67     51.10     0.048
   24.27      3.75     37.18       24.39      3.73     37.20     0.125
   35.12      8.60    -19.76       35.17      8.61    -19.77     0.048
  -33.45    -16.05    -44.95      -33.46    -16.06    -44.97     0.031
  -10.20    -22.71    -11.26      -10.20    -22.71    -11.26     0.002
  -12.33    -23.27    -43.01      -12.28    -23.35    -43.08     0.124
  -39.29    -22.80    -29.84      -39.25    -22.78    -29.83     0.041
   28.02     -0.68     20.95       28.01     -0.67     20.95     0.013
  -36.77    -24.52    -33.65      -36.79    -24.55    -33.66     0.032
   21.07     -2.38     36.92       21.13     -2.44     36.93     0.078
  -19.06    -32.44    -26.06      -19.04    -32.54    -26.05     0.095
  -12.45    -30.50    -22.84      -12.45    -30.50    -22.85     0.002
   21.16      1.38     52.18       21.12      1.39     52.17     0.044
    1.44    -12.24    -27.77        1.40    -12.24    -27.75     0.037
    6.51    -16.12     -9.03        6.50    -16.09     -9.04     0.030
   33.53     10.57    -22.28       33.52     10.57    -22.28     0.011
  -14.08     15.31     33.34      -14.13     15.29     33.37     0.072
   22.17     10.35     50.88       22.18     10.36     50.89     0.016
  -27.10     11.49    -24.75      -27.05     11.34    -24.76     0.155
  -30.76    -27.39    -37.52      -30.75    -27.37    -37.51     0.017
  -38.45      3.95    -23.50      -38.34      3.85    -23.52     0.157
  -15.27      2.10    -44.16      -15.23      2.17    -44.24     0.110
   24.65      8.53     36.49       24.71      8.53     36.50     0.062
  -18.62    -12.82     -4.32      -18.63    -12.83     -4.31     0.012
   -6.96      4.38     42.90       -6.85      4.39     42.90     0.113
    5.99     -8.83     18.72        6.01     -8.90     18.74     0.071
   -7.47    -10.07      5.93       -7.49    -10.12      5.95     0.059
   31.84      7.42    -26.60       31.81      7.41    -26.58     0.037
  -14.20     15.05     33.05      -14.21     15.05     33.05     0.007
    0.04     21.22     37.21        0.05     21.31     37.23     0.094
   -2.68     -5.49    -32.36       -2.56     -5.44    -32.41     0.134
   -7.00      3.84     50.77       -6.81      3.87     50.76     0.199
   -5.95     10.85     57.40       -5.84     10.80     57.41     0.122
   31.44     -6.77      7.25       31.43     -6.76      7.24     0.018
   21.98     25.44      1.33       22.01     25.52      1.34     0.088
   23.34     -7.00     11.22       23.33     -6.96     11.21     0.041
   -6.40    -27.14    -23.72       -6.36    -27.20    -23.71     0.073
   23.70      3.45     41.63       23.57      3.47     41.61     0.139
   14.08      1.82     63.05       14.07      1.82     63.01     0.043
   33.41     17.29     -4.81       33.28     17.19     -4.82     0.158
  -34.69    -19.22    -10.74      -34.70    -19.22    -10.73     0.013
  -25.11      9.44    -35.79      -25.12      9.48    -35.80     0.038
  -11.53    -15.46     -3.95      -11.54    -15.37     -4.00     0.107
  -10.19     24.57     23.26      -10.21     24.61     23.25     0.053
  -40.29     -2.98    -16.63      -40.33     -2.96    -16.60     0.051
   15.09     -6.32     29.52       15.07     -6.15     29.51     0.167
   -2.53    -19.78    -12.36       -2.50    -19.85    -12.33     0.079
   -4.65     -2.19    -38.30       -4.66     -2.20    -38.30     0.014
    1.28    -14.86     -3.88        1.29    -14.94     -3.84     0.085
   31.95      2.31    -25.82       31.90      2.31    -25.79     0.065
    6.51     21.51     36.37        6.51     21.46     36.37     0.049
    6.77      7.32    -15.48        6.75      7.26    -15.43     0.086
   -6.91     -0.77     32.45       -6.85     -0.75     32.45     0.059
   23.39     13.97     35.11       23.39     13.96     35.11     0.005
   19.28      1.30     61.74       19.46      1.20     61.86     0.228
   27.46    -12.24    -17.76       27.47    -12.25    -17.76     0.011
  -27.35     10.69    -29.54      -27.36     10.71    -29.55     0.026
  -19.10      6.24    -14.34      -19.10      6.25    -14.33     0.016
    2.98      8.17    -15.48        2.98      8.34    -15.56     0.190
   32.61     -2.74     13.01       32.49     -2.64     12.91     0.181
  -43.06    -13.24    -21.26      -43.01    -13.23    -21.27     0.051
  -39.11    -11.57    -40.55      -39.08    -11.57    -40.54     0.028
   10.85     22.85     28.03       10.85     22.97     28.06     0.120
  -10.70    -25.92    -14.50      -10.70    -25.90    -14.51     0.017
   25.66    -11.95     -3.23       25.62    -11.84     -3.32     0.148
   -1.25    -18.81    -34.82       -1.24    -18.81    -34.83     0.013
   28.21     22.39    -11.98       28.10     22.22    -11.97     0.203
   24.08     20.29     17.93       24.13     20.34     17.95     0.067
   26.94    -11.65     -6.44       26.96    -11.68     -6.44     0.038
   14.22     21.70     38.27       14.29     21.99     38.26     0.300
  -22.02      5.50    -14.01      -22.01      5.42    -14.10     0.118
  -25.83    -17.75     -6.80      -25.82    -17.74     -6.84     0.040
  -12.00     -9.48      3.25      -12.01     -9.50      3.26     0.018
    1.74     -7.63     31.22        1.73     -7.55     31.21     0.086
    3.84     -2.86    -23.93        3.86     -2.83    -23.98     0.069
   22.92      3.37     43.86       23.09      3.34     43.90     0.182
   14.54    -10.68      7.80       14.49    -10.51      7.74     0.181
   23.75     19.99     18.99       23.85     20.09     19.04     0.142
  -16.14     15.66     28.13      -16.31     15.65     28.14     0.171
  -38.61    -23.85    -24.46      -38.70    -23.90    -24.45     0.103
    7.32     20.21     54.48        7.31     20.23     54.48     0.013
   21.46      0.36     46.19       21.53      0.33     46.21     0.075
   18.49     20.03     40.04       18.36     19.90     39.99     0.188
   13.80    -13.61      3.03       13.77    -13.53      3.00     0.091
  -32.78    -14.05     -7.61      -32.79    -14.06     -7.58     0.040
   29.33     19.31    -21.17       29.29     19.28    -21.15     0.048
  -15.72      8.85    -37.80      -15.72      8.85    -37.80     0.002
   -7.64     16.90     13.40       -7.64     16.90     13.40     0.001
   21.51      2.97     54.84       21.31      3.01     54.81     0.204
  -11.43    -30.08    -30.19      -11.41    -30.11    -30.19     0.038
  -36.86    -14.30    -10.30      -36.82    -14.30    -10.34     0.056
    2.57     -7.08     62.39        2.55     -7.18     62.43     0.117
  -28.23    -22.68     -8.76      -28.22    -22.65     -8.80     0.048
   38.44      0.08      6.72       38.38      0.10      6.70     0.073
   28.99     10.37    -28.90       28.97     10.35    -28.87     0.042
   14.58     22.76     31.38       14.54     22.54     31.40     0.228
   -6.39    -12.62      0.94       -6.43    -12.74      0.99     0.141
   -2.09     14.20      3.29       -2.21     14.31      3.22     0.176
   -2.02     18.64      9.10       -2.04     18.66      9.08     0.030
  -36.20    -15.19    -43.32      -36.21    -15.20    -43.33     0.019
  -36.89    -24.13    -34.36      -36.88    -24.12    -34.35     0.022
  -25.11    -25.19    -42.49      -25.11    -25.21    -42.51     0.030
   -5.23     -4.45    -40.84       -5.20     -4.44    -40.86     0.042
   10.08     -7.82     19.06       10.09     -7.89     19.08     0.070
   12.01     23.75     21.08       12.02     23.95     21.12     0.198
  -13.10      9.90     22.36      -12.97     10.01     22.38     0.169
   16.70     -8.19     12.15       16.73     -8.35     12.20     0.163
   27.57     22.20      7.26       27.56     22.19      7.26     0.006
   22.30     13.65     42.89       22.24     13.62     42.88     0.065
  -11.43     16.07     36.56      -11.49     16.04     36.63     0.099
   30.42     -7.89      4.41       30.44     -7.99      4.42     0.100
  -10.72    -30.26    -26.03      -10.76    -30.16    -26.04     0.104
   23.42    -13.05     -3.78       23.42    -13.05     -3.77     0.005
  -38.43    -24.06    -23.93      -38.49    -24.11    -23.92     0.074
    6.93      2.61    -19.76        6.93      2.63    -19.77     0.019
    6.52     -6.92     31.14        6.55     -7.10     31.15     0.180
   21.10     10.11     58.49       21.34     10.15     58.52     0.245
  -27.98    -23.33    -43.73      -27.96    -23.26    -43.65     0.109
  -14.27     11.25    -25.41      -14.28     11.20    -25.41     0.054
   25.25     -4.19     18.87       25.30     -4.28     18.90     0.107
   22.19     20.58     23.39       22.05     20.42     23.34     0.218
   31.07     17.80     10.30       31.13     17.88     10.37     0.125
   -1.12     -1.19    -26.86       -1.14     -1.22    -26.82     0.050
  -13.58    -14.50    -47.62      -13.58    -14.50    -47.62     0.004
   36.18      6.47     10.48       36.19      6.47     10.49     0.014
   36.81     -2.53    -12.61       36.64     -2.41    -12.54     0.214
    7.92     -0.35    -21.67        7.92     -0.35    -21.68     0.016
   -4.15      8.89    -12.61       -4.16      8.90    -12.61     0.012
   -6.39    -12.17      2.26       -6.42    -12.24      2.29     0.080
  -35.17      6.80    -23.43      -35.13      6.75    -23.44     0.062
   36.79      2.07     10.28       36.78      2.07     10.27     0.018
   13.04     -6.13     53.14       12.99     -6.03     53.14     0.110
  -11.66     13.26     16.31      -11.63     13.25     16.33     0.035
  -17.10    -14.99    -48.28      -17.10    -14.99    -48.28     0.006
   22.34      4.42     50.49       22.28      4.43     50.47     0.062
  -37.83     -2.03    -39.40      -37.86     -2.01    -39.42     0.041
    7.24     25.42      5.78        7.28     25.36      5.80     0.073
   27.04      0.73     25.28       26.99      0.75     25.27     0.055
  -14.47      0.49    -45.39      -14.50      0.44    -45.33     0.085
   -1.16    -11.20      9.03       -1.16    -11.27      9.04     0.075
  -11.53     21.67     18.61      -11.51     21.63     18.64     0.052
   12.43    -16.77     -9.82       12.45    -16.68     -9.81     0.094
  -39.23     -2.07    -37.58      -39.12     -2.10    -37.51     0.140
   17.37     -1.76     61.62       17.40     -1.77     61.65     0.044
   27.60      8.34     25.01       27.70      8.35     25.03     0.101
  -38.09    -23.63    -20.20      -38.09    -23.63    -20.20     0.003
   14.88     -5.66     36.83       14.88     -5.66     36.83     0.005
  -37.03      0.93    -37.95      -37.07      0.95    -37.98     0.048
    0.67    -18.78    -13.07        0.69    -18.90    -13.07     0.120
   31.34      1.05     16.53       31.32      1.06     16.51     0.027
   -5.53     14.16     45.91       -5.71     14.28     45.96     0.220
    3.60     22.12     32.23        3.60     22.15     32.24     0.033
    8.28    -15.76     -3.98        8.29    -15.70     -4.01     0.062
  -10.92    -30.35    -26.42      -10.94    -30.30    -26.43     0.058
   11.81    -10.66      9.07       11.84    -10.77      9.11     0.125
   17.37     -5.05     35.71       17.36     -5.04     35.71     0.014
  -18.30    -31.74    -20.23      -18.30    -31.75    -20.23     0.010
   16.23     -5.09     45.90       16.19     -4.96     45.88     0.139
  -23.08     -2.47    -47.40      -23.06     -2.48    -47.52     0.115
   37.09     13.32      4.16       37.00     13.27      4.16     0.096
   29.91     18.71     10.84       29.91     18.71     10.84     0.002
   20.13      1.34     60.00       20.08      1.36     59.99     0.061
  -11.01      6.34     21.70      -10.93      6.38     21.67     0.096
   26.96     -2.60     20.60       26.85     -2.51     20.55     0.154
   12.09     21.87     45.63       12.14     21.69     45.61     0.192
  -15.76     -5.62      2.15      -15.78     -5.63      2.16     0.025
  -25.36      5.77    -14.75      -25.36      5.76    -14.76     0.003
  -27.43    -22.41     -8.27      -27.43    -22.41     -8.27     0.006
