200, pa4-F-Output.txt
   -5.00     21.98     15.97       -5.03     22.06     15.91     0.098
   -3.01     -4.35    -32.95       -3.13     -4.37    -32.93     0.121
  -16.62      2.21     -4.12      -16.57      2.14     -4.12     0.088
   22.62     16.24     32.25       22.77     16.33     32.29     0.180
   -6.82      3.20     41.36       -6.72      3.21     41.36     0.095
   37.12     -1.30     -0.51       37.21     -1.40     -0.51     0.134
   -6.68     11.05     43.57       -6.77     11.06     43.58     0.093
   -6.77      0.77     34.90       -6.89      0.76     34.91     0.118
   -7.03      9.36     -1.38       -6.89      9.17     -1.35     0.238
   -6.07     17.26     12.44       -6.20     17.31     12.35     0.163
   -5.75     10.97     57.70       -5.77     10.98     57.69     0.026
  -15.80     20.37     25.44      -15.75     20.35     25.44     0.058
    3.69     23.79      9.53        3.74     23.72      9.57     0.093
   -4.39     11.08     -0.21       -4.43     11.13     -0.23     0.064
   12.77     25.13     13.95       12.76     25.24     13.97     0.111
   -5.98     -1.08     41.82       -5.82     -1.02     41.81     0.171
    9.20     24.45     -3.29        9.27     24.36     -3.29     0.114
  -42.33     -1.86    -25.49      -42.35     -1.85    -25.49     0.020
   -6.80    -12.75      0.92       -6.79    -12.69      0.89     0.072
  -21.46    -30.76    -16.74      -21.46    -30.80    -16.71     0.055
  -29.72    -20.14     -7.83      -29.71    -20.14     -7.85     0.022
   -5.07      5.99    -24.02       -5.07      5.99    -24.02     0.002
   29.89     -7.45    -23.42       29.87     -7.43    -23.41     0.025
  -11.92    -29.72    -20.89      -11.88    -29.80    -20.87     0.089
   36.56      1.04     10.20       36.66      1.03     10.28     0.130
   16.84     -3.67     56.46       16.77     -3.60     56.45     0.093
    8.65     -2.52     63.35        8.65     -2.52     63.39     0.041
  -42.72     -2.74    -26.98      -42.72     -2.74    -26.98     0.004
  -35.48    -25.48    -34.41      -35.50    -25.51    -34.43     0.039
   -4.92    -26.39    -24.51       -4.95    -26.34    -24.52     0.059
   16.31     25.44    -12.17       16.28     25.53    -12.18     0.100
   -0.10    -10.61     15.73       -0.09    -10.42     15.68     0.191
   -4.66     -3.55     41.66       -4.54     -3.46     41.67     0.151
  -13.94      3.09    -43.03      -13.94      3.10    -43.04     0.015
   -9.73     -4.54     12.64       -9.94     -4.65     12.71     0.254
  -39.35    -18.81    -35.08      -39.41    -18.82    -35.10     0.060
    2.96      9.00    -13.99        2.96      9.06    -14.01     0.059
   -5.46    -23.48    -36.29       -5.47    -23.47    -36.28     0.021
    3.62    -11.85      9.87        3.61    -11.93      9.89     0.084
   -2.22     -2.28    -28.89       -2.14     -2.24    -28.94     0.107
    1.17      8.58    -14.72        1.16      8.69    -14.77     0.119
   22.42     -8.96      5.54       22.40     -8.88      5.51     0.089
    2.98    -16.66    -22.23        2.98    -16.66    -22.23     0.002
    0.87     23.60     14.39        0.89     23.50     14.41     0.105
   12.13      8.53     63.00       12.13      8.53     63.03     0.027
   19.23     20.50     35.22       19.12     20.36     35.21     0.178
   -1.51    -22.34    -26.96       -1.52    -22.33    -26.96     0.012
   10.51     21.69    -10.77       10.58     21.67    -10.73     0.075
    0.55     -3.50    -26.58        0.58     -3.50    -26.61     0.042
  -37.97      3.46    -21.10      -37.93      3.42    -21.11     0.064
   14.68     24.03    -19.98       14.76     23.89    -19.97     0.156
   -8.13     23.83     32.35       -8.13     23.84     32.36     0.009
   14.37     26.71      7.41       14.36     26.59      7.39     0.114
    7.22     20.19     57.50        7.27     20.06     57.49     0.137
   -8.01     -9.74      6.22       -8.02     -9.77      6.23     0.029
   28.48     22.16    -11.44       28.41     22.05    -11.43     0.127
  -20.32    -30.71    -16.60      -20.33    -30.78    -16.54     0.085
   -2.98     -7.33     29.64       -2.97     -7.31     29.64     0.019
   -3.60     17.34      9.51       -3.54     17.30      9.57     0.092
  -10.72    -30.22    -27.14      -10.72    -30.23    -27.14     0.012
   -7.51      6.27    -27.63       -7.55      6.22    -27.62     0.073
  -18.78    -16.86     -5.84      -18.78    -16.85     -5.86     0.024
   25.69      3.36    -29.67       25.69      3.36    -29.66     0.011
  -36.95      1.00    -15.06      -36.91      0.97    -15.10     0.066
  -24.73      5.26    -41.77      -24.73      5.27    -41.78     0.013
   -2.84     -9.80     16.22       -2.89     -9.91     16.23     0.124
  -11.44    -25.44    -40.59      -11.47    -25.40    -40.55     0.063
  -13.26      0.20      9.03      -13.29      0.19      9.04     0.033
   -9.41    -26.66    -36.75       -9.39    -26.69    -36.77     0.037
    1.92    -12.97      1.66        1.94    -12.87      1.64     0.109
    0.81      2.94    -22.87        0.79      2.92    -22.85     0.031
  -19.79    -26.48    -10.87      -19.79    -26.48    -10.87     0.004
   18.89     15.55     53.97       19.05     15.67     54.01     0.194
   11.17     26.14     10.57       11.18     26.06     10.54     0.086
    4.74     -5.31    -24.11        4.74     -5.31    -24.11     0.005
   25.85      3.91     31.68       25.86      3.91     31.68     0.005
   37.88      0.87      8.71       37.84      0.88      8.68     0.053
   22.94     24.90     -8.27       22.96     24.94     -8.27     0.045
   25.59     20.33    -23.92       25.58     20.31    -23.91     0.029
  -16.37     16.47     23.42      -16.52     16.45     23.42     0.153
   12.14     -7.96     18.46       12.08     -7.70     18.43     0.266
  -29.50    -27.98    -37.29      -29.55    -28.10    -37.36     0.148
  -10.17     13.89     14.25      -10.21     13.90     14.22     0.056
   -7.13    -25.37    -17.23       -7.14    -25.36    -17.24     0.013
   15.66     25.37     11.67       15.68     25.45     11.69     0.086
   21.82     25.48      2.55       21.82     25.49      2.55     0.008
   33.77     -4.87    -20.28       33.79     -4.88    -20.28     0.024
  -39.94     -2.56    -36.21      -39.89     -2.58    -36.19     0.055
   29.43     11.36    -27.78       29.45     11.37    -27.80     0.033
   35.86     10.26    -15.61       35.85     10.25    -15.61     0.011
   13.91     21.74    -29.08       13.91     21.74    -29.07     0.007
   -0.74     19.84      8.92       -0.77     19.87      8.89     0.056
   -4.53     -7.56     23.63       -4.62     -7.70     23.67     0.173
  -21.23    -15.24    -48.37      -21.23    -15.24    -48.35     0.019
   -3.83     24.74     27.43       -3.87     24.54     27.38     0.207
   38.86      0.26     -8.02       38.84      0.27     -8.02     0.025
   -7.01      7.47     44.76       -6.98      7.47     44.76     0.027
    0.16     19.54     44.05        0.13     19.64     44.09     0.112
  -13.45      6.36    -11.04      -13.45      6.37    -11.04     0.007
   27.83     -2.75     18.96       27.76     -2.70     18.92     0.097
   12.62      8.53     62.99       12.61      8.52     63.03     0.048
  -33.37    -15.12    -45.54      -33.35    -15.10    -45.50     0.052
   21.09     -5.01     24.23       21.12     -5.05     24.24     0.051
    9.39     22.81     -6.48        9.36     22.83     -6.50     0.039
  -28.24      8.53    -35.55      -28.23      8.51    -35.54     0.020
   -4.05     -4.78     35.80       -4.13     -4.85     35.80     0.113
   35.78      0.94    -18.05       35.91      0.95    -18.09     0.138
  -12.99     -4.47      6.94      -13.00     -4.48      6.95     0.010
  -10.10     -1.47     16.49      -10.02     -1.45     16.47     0.093
  -28.30    -29.62    -17.87      -28.30    -29.63    -17.86     0.017
   -1.34     -1.96    -27.39       -1.27     -1.92    -27.44     0.094
   27.83     22.29    -11.35       27.89     22.39    -11.35     0.124
   -6.51    -24.23    -36.78       -6.50    -24.23    -36.79     0.014
   -3.83     23.10     32.97       -3.83     23.08     32.96     0.031
   -5.76    -22.88    -14.25       -5.82    -22.81    -14.30     0.105
   14.45     20.25     53.58       14.45     20.25     53.59     0.010
   11.60     -5.76     62.29       11.66     -5.88     62.40     0.171
    3.22     10.70    -10.47        3.17     10.82    -10.52     0.138
   29.68     21.00      0.88       29.81     21.16      0.88     0.206
   -2.10     -5.75     42.78       -2.10     -5.75     42.78     0.009
  -31.14      7.09    -16.78      -31.17      7.14    -16.76     0.063
   15.51     -6.28     25.43       15.52     -6.36     25.44     0.089
  -12.77    -23.59    -10.63      -12.79    -23.56    -10.66     0.040
  -16.16    -13.76    -48.48      -16.16    -13.76    -48.44     0.042
   -5.60     -1.82     39.26       -5.79     -1.86     39.29     0.196
  -11.73    -29.38    -19.30      -11.76    -29.32    -19.32     0.069
   -3.56    -16.85    -39.42       -3.52    -16.87    -39.46     0.062
  -17.40      1.27     -3.39      -17.37      1.24     -3.40     0.045
  -12.85    -28.03    -37.91      -12.84    -28.06    -37.93     0.037
   -5.40     -5.15     28.14       -5.50     -5.25     28.14     0.147
  -41.79    -18.36    -23.01      -41.81    -18.37    -23.01     0.020
  -18.47    -32.26    -23.90      -18.47    -32.29    -23.90     0.027
   24.87    -11.43    -21.42       24.88    -11.47    -21.44     0.041
   -2.95     -4.30     52.72       -3.01     -4.35     52.71     0.072
   21.07     17.68    -29.32       21.09     17.71    -29.36     0.055
    6.43     -6.80     41.61        6.43     -6.84     41.61     0.037
  -16.40     16.98     21.53      -16.27     16.92     21.54     0.153
  -29.83    -29.58    -34.03      -29.85    -29.62    -34.05     0.041
   21.92     23.87    -23.36       21.88     23.82    -23.32     0.074
  -20.63    -12.93    -48.25      -20.62    -12.72    -48.23     0.214
  -37.57      0.15    -38.14      -37.52      0.12    -38.10     0.065
   21.85      9.73     55.37       21.80      9.72     55.37     0.047
   -1.93     19.83      9.99       -1.85     19.75     10.06     0.129
   26.97      3.45    -30.14       26.98      3.44    -30.09     0.057
   -0.16    -11.16    -31.03       -0.09    -11.15    -31.05     0.067
    7.91      3.38     63.11        7.91      3.39     63.14     0.031
  -43.20    -15.36    -25.56      -43.24    -15.37    -25.55     0.044
    0.07    -15.50     -4.99        0.08    -15.60     -4.93     0.120
   35.14      0.26    -20.87       35.13      0.26    -20.86     0.014
   20.37     13.17     56.31       20.61     13.25     56.33     0.255
   10.97     -0.47    -21.44       10.97     -0.49    -21.39     0.049
  -38.95    -22.76    -20.76      -38.96    -22.76    -20.76     0.012
    1.07     21.24      8.58        0.98     21.33      8.52     0.138
   -0.31     19.72     43.57       -0.31     19.74     43.58     0.019
  -38.05    -21.07    -16.19      -38.08    -21.08    -16.17     0.037
  -36.77    -13.68    -10.28      -36.77    -13.68    -10.27     0.001
   -4.42      4.92    -24.94       -4.42      4.92    -24.94     0.008
   18.43     17.36    -30.67       18.43     17.35    -30.66     0.013
   17.30    -10.02    -20.66       17.30    -10.01    -20.65     0.016
   -2.64    -10.00     14.76       -2.70    -10.13     14.78     0.151
   18.95     25.52    -20.83       18.95     25.50    -20.83     0.024
    5.66     19.47     57.03        5.65     19.51     57.03     0.045
  -16.09    -31.88    -31.49      -16.15    -31.68    -31.44     0.210
  -38.30    -16.25    -12.88      -38.36    -16.26    -12.84     0.071
   28.70      3.94     22.22       28.76      3.93     22.24     0.061
   -4.52     -3.30     61.99       -4.42     -3.21     62.00     0.140
  -44.01    -11.85    -25.06      -44.04    -11.85    -25.05     0.032
  -31.00    -29.85    -31.44      -31.00    -29.86    -31.44     0.005
   23.49     -0.55     35.17       23.40     -0.50     35.15     0.104
  -31.59      3.29    -13.89      -31.59      3.30    -13.88     0.011
   39.46      2.90      5.97       39.40      2.91      5.95     0.060
   13.66      6.87    -16.97       13.69      6.85    -16.95     0.039
  -16.98    -28.58    -14.58      -16.97    -28.60    -14.57     0.018
    7.58     24.20      1.21        7.55     24.24      1.19     0.054
   13.56     10.77     63.06       13.56     10.77     63.13     0.071
   10.87     22.60     -9.34       10.71     22.73     -9.40     0.218
   32.12     18.64    -13.58       32.08     18.61    -13.56     0.046
   17.40     -6.24     24.80       17.39     -6.14     24.80     0.093
   -4.22     13.46     60.86       -4.12     13.39     60.84     0.118
  -12.48    -11.56      0.23      -12.45    -11.50      0.18     0.079
  -25.41    -18.09     -6.78      -25.42    -18.09     -6.76     0.019
   -4.64    -19.71    -38.86       -4.57    -19.73    -38.92     0.095
   26.13     10.30    -30.07       26.13     10.29    -30.04     0.026
   11.55     22.93     27.98       11.55     22.99     27.99     0.058
   -7.62      8.54     -2.01       -7.63      8.56     -2.01     0.016
  -23.82      7.91    -38.82      -23.84      7.98    -38.87     0.086
   10.87    -16.43     -9.91       10.87    -16.41     -9.91     0.017
  -16.41      5.10    -11.23      -16.40      5.07    -11.24     0.027
   31.64     14.70     12.80       31.52     14.65     12.71     0.152
    9.56     15.42     63.15        9.56     15.42     63.18     0.026
   11.43     -8.71     14.44       11.45     -8.79     14.47     0.088
   -6.73     -9.18    -43.95       -6.63     -9.16    -44.05     0.149
   34.63     -4.18     -2.81       34.55     -4.10     -2.81     0.109
   24.80     11.52     33.07       24.81     11.52     33.07     0.006
   13.16     14.78    -26.24       13.14     14.77    -26.25     0.026
   25.89     -0.05    -28.94       25.93      0.00    -28.84     0.127
   -3.68    -16.60    -39.68       -3.64    -16.62    -39.71     0.053
   -7.07      5.50     59.67       -7.09      5.50     59.67     0.018
    0.47     21.53     10.35        0.47     21.54     10.35     0.010
  -27.54      7.08    -38.43      -27.53      7.05    -38.41     0.043
