15, pa3-D-Output.txt
    9.24     25.73      2.75        9.12     25.92      2.70     0.233
    1.67     -7.07     47.98        1.70     -6.80     47.99     0.267
  -10.79      1.46     30.90       -7.62      1.98     30.22     3.290
    9.94     -4.61     58.67       10.50     -6.62     58.50     2.097
  -28.52    -30.98    -18.66      -28.05    -30.32    -18.95     0.867
  -32.13    -31.41    -30.02      -31.16    -30.00    -29.87     1.719
   -2.71    -10.35     18.08       -2.50     -9.78     18.00     0.609
   14.26     -0.60     58.87       16.94     -3.21     59.06     3.746
   29.96     17.25    -17.72       31.30     17.99    -18.23     1.610
    2.23     -5.86     62.74        2.25     -5.86     63.48     0.739
   18.49      0.22    -24.31       18.93      0.31    -23.49     0.933
   -2.19     -9.92    -37.93       -1.95     -9.93    -37.97     0.240
   17.37     18.84     29.98       19.13     20.75     30.61     2.672
   36.21     -1.63      0.45       36.69     -2.05      0.38     0.634
  -17.57     16.68     16.97      -14.90     16.54     18.83     3.252
