20, pa3-H-Output.txt
  -40.56    -14.00    -12.92      -39.45    -13.81    -13.68     1.358
   15.13     18.61    -29.41       14.79     19.60    -30.59     1.580
   30.83    -11.03    -16.15       30.31    -10.63    -16.06     0.659
  -31.10    -25.23    -10.74      -30.52    -24.41    -11.49     1.254
   -1.32    -12.74     17.72       -1.28    -10.06     17.17     2.732
  -14.65    -31.87    -26.39      -14.69    -31.74    -26.39     0.132
   -6.27     -7.99     44.71       -3.55     -4.67     44.25     4.322
  -40.60     -6.86    -12.70      -39.60     -7.13    -13.37     1.234
    8.91     18.34     33.20        8.62     22.01     33.85     3.743
   16.38    -13.72      3.22       16.09    -12.85      2.81     1.006
    0.97    -10.62     30.93        0.80     -7.65     30.65     2.984
    2.11     13.07     -3.42        1.73     13.56     -3.71     0.684
  -24.63      6.39    -40.32      -24.72      6.61    -40.49     0.295
   -2.86    -19.91    -35.14       -2.46    -20.19    -35.40     0.546
  -31.97      6.67    -36.87      -31.71      6.20    -36.64     0.581
   -2.75     -8.52     63.22       -1.36     -5.92     62.22     3.113
    2.55     -3.65     63.74        2.54     -3.66     63.42     0.319
   36.06      0.03    -14.40       36.98     -0.62    -14.78     1.190
   24.30     -0.03     38.17       23.17      0.61     37.79     1.348
   22.24      5.07     54.54       21.78      5.17     54.48     0.478
