20, pa3-G-Output.txt
   16.94      9.43     61.94       17.03      9.40     63.19     1.248
  -45.16    -11.66    -28.20      -43.51    -10.89    -27.12     2.120
    2.56     -8.65     64.76        2.55     -6.87     63.29     2.311
  -17.19      2.98    -38.16      -17.78      5.84    -41.70     4.588
    4.00     21.06     22.17        4.09     23.72     22.54     2.686
   -6.73     -8.86     34.46       -3.79     -5.97     33.11     4.339
   -7.23     -5.98     59.23       -4.08     -3.35     59.50     4.109
  -40.23    -24.86    -14.71      -37.41    -22.49    -16.42     4.063
   23.12     20.49     -5.67       24.78     24.27     -5.79     4.132
   24.07    -14.43    -19.49       23.81    -13.40    -18.88     1.217
   19.16     21.39      9.25       20.12     24.62      9.99     3.443
   -6.35     -7.70     42.80       -3.71     -4.63     42.73     4.046
  -20.10     -9.33    -46.50      -20.44     -8.75    -48.84     2.440
   -8.70     10.74      9.76       -8.82     10.82      9.69     0.174
   -0.91     -8.11     65.19       -0.06     -5.93     63.48     2.901
   -3.04      2.15     64.91       -2.79      2.34     63.27     1.664
  -21.44    -19.69    -46.27      -21.51    -20.02    -47.07     0.869
  -37.66      0.84    -19.79      -38.76      1.85    -19.46     1.527
   15.15     -8.75     25.94       14.88     -6.43     25.70     2.350
   16.50     -8.87     22.97       16.18     -6.52     22.73     2.384
