15, pa3-C-Output.txt
    3.21      6.40    -19.32        2.87      5.75    -18.72     0.951
  -35.68     -9.39    -10.44      -37.13     -9.56     -9.46     1.756
   -3.53     -4.78    -37.98       -3.28     -4.70    -38.06     0.279
   15.34     -4.44     43.43       15.65     -5.36     43.49     0.964
  -15.60    -29.96    -37.02      -15.73    -29.51    -36.79     0.516
  -41.47    -15.37    -18.68      -41.76    -15.44    -18.59     0.304
  -10.28     -2.69     18.11       -9.48     -2.54     17.93     0.834
  -29.97    -22.18    -46.22      -29.35    -21.20    -44.83     1.813
   38.85      1.99    -10.41       39.12      1.97    -10.49     0.283
   -2.02     12.55     -3.96       -1.47     11.76     -3.63     1.021
   10.28    -16.95    -11.48       10.41    -16.14    -11.37     0.829
   11.71    -17.51    -10.28       11.86    -16.54    -10.15     0.993
   12.23     -7.89     15.03       12.33     -8.37     15.16     0.511
   28.74     19.08    -22.53       28.49     18.91    -22.30     0.380
   -4.05     24.76     22.12       -4.14     24.30     22.19     0.476
