15, pa3-F-Output.txt
   23.88      8.27     35.66       24.84      8.33     35.84     0.976
   -3.96    -15.80     -0.39       -3.85    -13.92     -1.19     2.046
   20.14     10.31     49.87       22.18     10.79     50.27     2.141
  -27.65    -24.20    -45.56      -27.22    -22.91    -44.22     1.911
   13.00     -6.16     37.98       12.98     -6.11     37.98     0.053
   22.10     21.12     15.45       22.65     22.10     15.82     1.181
    2.04    -20.17    -25.07        0.49    -19.54    -24.68     1.719
  -20.35    -11.27     -4.04      -20.39    -11.38     -3.87     0.204
  -38.58    -11.38    -40.17      -39.13    -11.46    -40.48     0.643
  -35.08    -23.53    -14.82      -35.08    -23.53    -14.82     0.003
   29.68     18.54      7.76       30.70     19.69      7.89     1.547
   -2.38      3.36     63.24       -2.38      3.36     63.40     0.164
   -3.93     10.72      3.17       -4.84     11.80      2.82     1.455
   19.09     24.25     -8.72       19.33     26.11     -8.81     1.877
    8.69    -12.04    -22.25        8.15    -11.66    -21.60     0.921
