15, pa3-E-Output.txt
   -4.00    -22.54    -34.38       -3.79    -22.81    -34.55     0.385
  -42.57    -14.97    -36.23      -39.85    -14.75    -36.00     2.730
    7.39     24.18      9.03        7.10     25.23      9.09     1.097
    9.75     -3.68    -23.11        9.73     -3.79    -22.01     1.110
  -27.12    -33.40    -18.85      -26.44    -31.18    -19.22     2.349
   27.48     17.59      2.22       29.91     21.05      2.34     4.230
    7.12      4.87     61.04        7.35      4.99     63.12     2.092
   29.28    -10.06     -4.67       29.28    -10.06     -4.67     0.004
   18.44     22.66     11.25       19.00     24.56     11.69     2.028
   27.38     -8.22      8.94       27.33     -7.31      8.69     0.943
   -0.90     -4.65     61.84       -1.56     -5.84     61.82     1.365
  -18.21     17.34     19.16      -16.13     16.49     20.59     2.665
   22.03     -7.78     14.97       21.67     -6.55     14.68     1.317
  -31.18      7.11    -22.76      -32.20      8.64    -22.33     1.888
  -31.68    -12.98     -8.30      -32.30    -13.46     -7.09     1.445
