20, pa3-J-Output.txt
   33.05    -11.10    -17.87       30.97     -9.48    -17.52     2.664
   34.47      2.58    -24.53       33.30      2.62    -23.71     1.428
   -6.20    -29.00    -14.48       -8.67    -26.24    -16.54     4.232
   20.36     19.93     23.28       21.06     21.11     23.61     1.410
  -37.42    -13.59    -30.21      -40.27    -13.07    -30.98     2.997
  -21.61      7.76    -18.74      -21.58      8.63    -17.53     1.494
  -10.81      7.20     31.56       -9.35      8.27     31.19     1.847
  -18.07    -35.12    -34.11      -18.66    -31.81    -33.34     3.444
   21.53     -9.67     19.53       20.52     -6.14     19.16     3.686
   17.61     18.90     38.25       18.82     19.77     38.49     1.507
   -8.88      5.09    -34.63       -8.45      5.50    -34.86     0.631
    4.00      6.17    -12.20        4.05      9.16    -13.71     3.351
   33.11     17.48    -15.75       32.62     17.09    -15.59     0.645
  -35.70    -19.30    -14.11      -36.98    -19.91    -13.37     1.597
    4.03    -20.92     -8.77        2.79    -17.43     -9.35     3.751
   -5.08     10.27     10.91       -7.75     11.97      9.16     3.622
   -6.75      1.68     27.45       -8.06      1.47     27.72     1.355
    8.32     20.78     21.58        8.16     23.87     21.99     3.117
  -39.17     -8.47    -27.66      -42.30     -9.93    -29.66     3.992
  -22.15    -29.16    -10.39      -22.00    -27.36    -11.93     2.369
