15, pa3-A-Output.txt
    8.70    -13.91    -18.54        8.70    -13.90    -18.54     0.002
   27.00      3.13     27.28       27.00      3.13     27.28     0.001
   30.12      3.62     19.24       30.12      3.62     19.24     0.001
    4.55     -7.31     33.03        4.55     -7.31     33.03     0.004
   -4.01    -24.98    -21.98       -4.01    -24.98    -21.98     0.002
   36.15     -2.66     -5.16       36.15     -2.66     -5.16     0.001
    9.27     -5.64     63.40        9.27     -5.64     63.40     0.000
   -0.03    -12.22    -32.35       -0.03    -12.22    -32.35     0.001
   17.63     20.09    -29.62       17.63     20.08    -29.61     0.005
  -35.08    -24.17    -37.30      -35.09    -24.17    -37.30     0.001
   -1.37     12.56     62.88       -1.36     12.55     62.88     0.003
  -15.92     16.08     30.65      -15.92     16.08     30.65     0.001
   11.27     21.37     46.41       11.27     21.37     46.41     0.003
   13.57     -1.02     63.00       13.57     -1.02     63.00     0.001
   10.62      0.21    -20.94       10.62      0.21    -20.94     0.001
