15, pa3-B-Output.txt
  -42.85    -16.68    -32.15      -41.08    -16.31    -31.01     2.139
    2.80     17.67     -1.88        3.60     17.20     -1.30     1.088
   32.25     -2.70    -26.77       31.25     -2.35    -25.82     1.423
  -33.88     -8.75    -11.69      -34.96     -7.25     -9.04     3.235
   14.28    -16.03     -2.17       14.30    -16.23     -2.11     0.219
  -12.31    -20.17    -10.26      -12.09    -20.75     -9.45     1.018
  -40.92    -13.21    -16.76      -41.32    -13.31    -16.54     0.471
   -8.02      6.25    -17.03       -8.09      8.33    -16.91     2.088
  -33.44    -28.47    -18.72      -33.01    -27.90    -18.95     0.757
   30.48      1.25    -29.63       29.79      1.73    -28.68     1.266
    8.08     -8.57     60.41        8.04     -7.32     60.49     1.249
   -2.04     -7.74     47.31       -1.13     -5.78     47.15     2.170
  -16.86     13.65     17.48      -14.58     14.40     19.27     2.988
  -10.68     -4.50     14.08       -9.88     -4.08     13.81     0.944
   23.10    -16.99    -15.34       22.79    -15.48    -15.23     1.548
