200 PA4-F-Debug-Answer.txt 0
   -5.03    21.97    16.00        -5.06    22.06    15.93     0.118
   -3.00    -4.31   -32.94        -3.13    -4.33   -32.92     0.134
  -16.63     2.22    -4.11       -16.56     2.15    -4.12     0.102
   22.58    16.24    32.29        22.75    16.34    32.33     0.208
   -6.84     3.18    41.37        -6.72     3.20    41.37     0.122
   37.11    -1.28    -0.48        37.22    -1.39    -0.49     0.157
   -6.71    11.02    43.58        -6.77    11.03    43.59     0.065
   -6.79     0.76    34.90        -6.89     0.75    34.92     0.094
   -7.05     9.38    -1.36        -6.90     9.17    -1.33     0.259
   -6.10    17.26    12.47        -6.22    17.31    12.37     0.153
   -5.81    10.93    57.71        -5.80    10.93    57.71     0.006
  -15.84    20.35    25.46       -15.76    20.32    25.45     0.082
    3.67    23.80     9.56         3.71    23.72     9.61     0.102
   -4.40    11.09    -0.19        -4.43    11.14    -0.21     0.055
   12.74    25.14    13.98        12.73    25.23    14.00     0.090
   -6.01    -1.11    41.83        -5.81    -1.04    41.81     0.210
    9.18    24.48    -3.26         9.26    24.35    -3.25     0.148
  -42.32    -1.85   -25.50       -42.34    -1.84   -25.50     0.026
   -6.80   -12.75     0.91        -6.79   -12.69     0.89     0.062
  -21.44   -30.74   -16.77       -21.45   -30.81   -16.71     0.085
  -29.71   -20.14    -7.85       -29.71   -20.14    -7.85     0.004
   -5.07     6.02   -24.01        -5.08     6.01   -24.00     0.019
   29.89    -7.40   -23.40        29.90    -7.42   -23.41     0.016
  -11.90   -29.69   -20.91       -11.85   -29.79   -20.89     0.106
   36.55     1.06    10.23        36.64     1.05    10.31     0.119
   16.80    -3.70    56.47        16.73    -3.64    56.47     0.093
    8.61    -2.54    63.36         8.61    -2.54    63.39     0.030
  -42.71    -2.73   -26.99       -42.72    -2.73   -26.99     0.006
  -35.46   -25.46   -34.45       -35.49   -25.50   -34.47     0.057
   -4.90   -26.37   -24.53        -4.93   -26.33   -24.54     0.046
   16.29    25.47   -12.13        16.27    25.54   -12.14     0.074
   -0.11   -10.60    15.73        -0.10   -10.42    15.68     0.185
   -4.69    -3.58    41.66        -4.54    -3.46    41.68     0.193
  -13.93     3.14   -43.02       -13.94     3.13   -43.02     0.010
   -9.74    -4.55    12.64        -9.94    -4.66    12.71     0.234
  -39.33   -18.79   -35.11       -39.40   -18.81   -35.13     0.078
    2.95     9.02   -13.97         2.96     9.07   -13.99     0.046
   -5.44   -23.44   -36.30        -5.45   -23.43   -36.29     0.022
    3.62   -11.82     9.87         3.60   -11.92     9.90     0.105
   -2.22    -2.24   -28.88        -2.15    -2.20   -28.93     0.088
    1.16     8.60   -14.70         1.16     8.70   -14.74     0.107
   22.41    -8.94     5.55        22.39    -8.87     5.52     0.075
    2.99   -16.63   -22.23         2.99   -16.63   -22.23     0.000
    0.84    23.60    14.42         0.85    23.50    14.44     0.106
   12.09     8.49    63.02        12.09     8.49    63.03     0.004
   19.19    20.49    35.26        19.09    20.38    35.25     0.150
   -1.49   -22.30   -26.97        -1.49   -22.30   -26.97     0.008
   10.50    21.71   -10.73        10.56    21.69   -10.70     0.079
    0.55    -3.47   -26.57         0.58    -3.46   -26.60     0.041
  -37.98     3.47   -21.11       -37.93     3.42   -21.13     0.067
   14.67    24.06   -19.94        14.77    23.90   -19.94     0.185
   -8.17    23.80    32.38        -8.18    23.82    32.39     0.018
   14.34    26.73     7.45        14.33    26.59     7.43     0.138
    7.17    20.15    57.53         7.21    20.04    57.53     0.113
   -8.02    -9.74     6.22        -8.04    -9.76     6.22     0.030
   28.47    22.19   -11.39        28.39    22.07   -11.38     0.145
  -20.30   -30.70   -16.62       -20.30   -30.79   -16.55     0.111
   -3.00    -7.35    29.64        -2.99    -7.31    29.63     0.045
   -3.63    17.35     9.53        -3.56    17.31     9.59     0.099
  -10.70   -30.20   -27.16       -10.69   -30.21   -27.17     0.018
   -7.50     6.30   -27.62        -7.56     6.23   -27.60     0.098
  -18.78   -16.86    -5.86       -18.78   -16.85    -5.86     0.005
   25.69     3.40   -29.64        25.69     3.40   -29.65     0.005
  -36.95     0.99   -15.07       -36.91     0.97   -15.10     0.059
  -24.72     5.29   -41.77       -24.72     5.29   -41.76     0.007
   -2.86    -9.81    16.22        -2.90    -9.91    16.23     0.106
  -11.41   -25.41   -40.61       -11.44   -25.37   -40.56     0.069
  -13.28     0.19     9.03       -13.30     0.19     9.04     0.019
   -9.39   -26.62   -36.77        -9.37   -26.66   -36.79     0.044
    1.93   -12.97     1.66         1.94   -12.87     1.64     0.105
    0.80     2.97   -22.86         0.78     2.95   -22.83     0.038
  -19.78   -26.47   -10.90       -19.78   -26.48   -10.88     0.020
   18.85    15.53    54.01        19.04    15.67    54.05     0.231
   11.14    26.15    10.61        11.16    26.04    10.57     0.110
    4.75    -5.28   -24.10         4.75    -5.28   -24.10     0.002
   25.82     3.91    31.71        25.85     3.91    31.72     0.034
   37.87     0.90     8.75        37.82     0.90     8.71     0.060
   22.93    24.92    -8.22        22.94    24.95    -8.22     0.029
   25.59    20.38   -23.88        25.57    20.36   -23.86     0.033
  -16.39    16.46    23.44       -16.52    16.44    23.43     0.122
   12.13    -7.96    18.47        12.07    -7.70    18.44     0.267
  -29.48   -27.96   -37.32       -29.53   -28.08   -37.40     0.158
  -10.19    13.89    14.26       -10.23    13.89    14.24     0.041
   -7.12   -25.34   -17.25        -7.12   -25.35   -17.25     0.002
   15.64    25.38    11.71        15.65    25.45    11.73     0.070
   21.80    25.52     2.59        21.79    25.50     2.59     0.017
   33.77    -4.81   -20.25        33.82    -4.85   -20.26     0.061
  -39.92    -2.56   -36.22       -39.88    -2.57   -36.21     0.047
   29.43    11.41   -27.74        29.45    11.43   -27.77     0.033
   35.85    10.30   -15.58        35.83    10.29   -15.57     0.017
   13.91    21.79   -29.04        13.91    21.78   -29.03     0.013
   -0.76    19.84     8.94        -0.79    19.88     8.92     0.047
   -4.54    -7.58    23.64        -4.62    -7.70    23.67     0.149
  -21.21   -15.21   -48.39       -21.21   -15.20   -48.37     0.019
   -3.87    24.72    27.46        -3.91    24.54    27.41     0.188
   38.86     0.30    -7.99        38.86     0.30    -7.99     0.003
   -7.04     7.44    44.78        -6.98     7.44    44.78     0.060
    0.12    19.52    44.08         0.09    19.62    44.12     0.107
  -13.46     6.37   -11.03       -13.46     6.37   -11.03     0.007
   27.80    -2.74    18.98        27.74    -2.70    18.94     0.084
   12.56     8.49    63.01        12.56     8.49    63.03     0.022
  -33.34   -15.09   -45.56       -33.33   -15.06   -45.52     0.050
   21.07    -5.01    24.24        21.10    -5.06    24.26     0.060
    9.38    22.83    -6.45         9.35    22.85    -6.46     0.034
  -28.23     8.56   -35.55       -28.22     8.53   -35.53     0.040
   -4.07    -4.80    35.80        -4.13    -4.86    35.80     0.081
   35.78     1.00   -18.02        35.92     1.01   -18.07     0.143
  -12.99    -4.47     6.94       -13.00    -4.47     6.95     0.011
  -10.12    -1.49    16.49       -10.01    -1.46    16.46     0.115
  -28.28   -29.61   -17.90       -28.28   -29.65   -17.88     0.042
   -1.35    -1.92   -27.38        -1.28    -1.89   -27.43     0.088
   27.81    22.32   -11.31        27.87    22.41   -11.31     0.106
   -6.48   -24.19   -36.80        -6.48   -24.19   -36.81     0.012
   -3.88    23.10    33.00        -3.88    23.07    32.99     0.026
   -5.74   -22.86   -14.26        -5.79   -22.79   -14.30     0.096
   14.39    20.21    53.62        14.43    20.26    53.63     0.064
   11.56    -5.80    62.30        11.61    -5.91    62.40     0.152
    3.21    10.72   -10.45         3.17    10.83   -10.49     0.120
   29.66    21.04     0.92        29.77    21.19     0.92     0.193
   -2.13    -5.78    42.79        -2.11    -5.74    42.79     0.047
  -31.15     7.10   -16.78       -31.17     7.14   -16.76     0.052
   15.49    -6.27    25.45        15.50    -6.37    25.45     0.093
  -12.76   -23.58   -10.65       -12.78   -23.56   -10.67     0.030
  -16.13   -13.72   -48.49       -16.13   -13.72   -48.44     0.055
   -5.63    -1.85    39.27        -5.78    -1.88    39.28     0.158
  -11.71   -29.36   -19.32       -11.74   -29.31   -19.33     0.056
   -3.54   -16.81   -39.42        -3.50   -16.83   -39.46     0.056
  -17.41     1.27    -3.39       -17.36     1.24    -3.40     0.055
  -12.83   -28.00   -37.93       -12.81   -28.03   -37.95     0.046
   -5.42    -5.16    28.14        -5.51    -5.25    28.14     0.128
  -41.78   -18.35   -23.04       -41.82   -18.37   -23.04     0.038
  -18.44   -32.24   -23.93       -18.43   -32.29   -23.92     0.049
   24.89   -11.39   -21.40        24.91   -11.45   -21.45     0.082
   -2.98    -4.33    52.73        -3.01    -4.35    52.72     0.032
   21.07    17.72   -29.28        21.10    17.75   -29.33     0.060
    6.40    -6.83    41.62         6.40    -6.84    41.62     0.016
  -16.43    16.98    21.55       -16.27    16.90    21.56     0.173
  -29.80   -29.56   -34.06       -29.83   -29.61   -34.08     0.064
   21.90    23.92   -23.32        21.86    23.86   -23.28     0.076
  -20.60   -12.89   -48.26       -20.60   -12.72   -48.25     0.174
  -37.55     0.17   -38.14       -37.50     0.14   -38.11     0.069
   21.81     9.71    55.40        21.80     9.70    55.40     0.011
   -1.95    19.84    10.02        -1.87    19.75    10.09     0.138
   26.97     3.50   -30.12        26.99     3.49   -30.08     0.039
   -0.14   -11.13   -31.04        -0.10   -11.12   -31.04     0.048
    7.87     3.34    63.12         7.87     3.34    63.14     0.020
  -43.19   -15.35   -25.58       -43.25   -15.36   -25.58     0.062
    0.07   -15.48    -5.00         0.09   -15.60    -4.93     0.136
   35.15     0.30   -20.84        35.13     0.30   -20.83     0.013
   20.33    13.15    56.35        20.61    13.25    56.36     0.299
   10.97    -0.43   -21.42        10.97    -0.46   -21.37     0.054
  -38.94   -22.75   -20.79       -38.96   -22.77   -20.79     0.033
    1.04    21.24     8.60         0.96    21.33     8.55     0.127
   -0.36    19.69    43.60        -0.36    19.71    43.61     0.021
  -38.04   -21.06   -16.22       -38.09   -21.09   -16.19     0.064
  -36.77   -13.68   -10.30       -36.78   -13.68   -10.29     0.013
   -4.42     4.95   -24.93        -4.43     4.94   -24.92     0.018
   18.44    17.41   -30.64        18.44    17.41   -30.63     0.004
   17.31    -9.98   -20.65        17.30   -10.00   -20.67     0.019
   -2.65   -10.00    14.76        -2.70   -10.13    14.78     0.147
   18.94    25.55   -20.78        18.94    25.50   -20.78     0.054
    5.61    19.44    57.06         5.59    19.49    57.06     0.051
  -16.07   -31.85   -31.52       -16.12   -31.66   -31.47     0.198
  -38.30   -16.25   -12.90       -38.37   -16.27   -12.85     0.089
   28.67     3.95    22.25        28.74     3.94    22.28     0.078
   -4.56    -3.34    61.99        -4.41    -3.22    62.01     0.195
  -44.00   -11.84   -25.08       -44.05   -11.85   -25.06     0.049
  -30.98   -29.82   -31.47       -30.99   -29.85   -31.47     0.032
   23.47    -0.56    35.19        23.38    -0.52    35.17     0.096
  -31.59     3.30   -13.90       -31.59     3.30   -13.89     0.011
   39.44     2.93     6.00        39.39     2.94     5.99     0.051
   13.65     6.90   -16.96        13.69     6.89   -16.93     0.042
  -16.98   -28.57   -14.61       -16.97   -28.60   -14.59     0.045
    7.55    24.22     1.24         7.54    24.25     1.23     0.032
   13.52    10.73    63.09        13.51    10.73    63.13     0.046
   10.85    22.63    -9.31        10.71    22.75    -9.36     0.192
   32.11    18.67   -13.53        32.07    18.64   -13.52     0.054
   17.38    -6.24    24.81        17.37    -6.15    24.81     0.097
   -4.26    13.41    60.87        -4.16    13.33    60.86     0.128
  -12.49   -11.55     0.22       -12.45   -11.50     0.18     0.074
  -25.41   -18.08    -6.80       -25.42   -18.09    -6.76     0.039
   -4.63   -19.67   -38.88        -4.56   -19.70   -38.92     0.085
   26.13    10.35   -30.03        26.13    10.35   -30.03     0.007
   11.51    22.93    28.02        11.51    22.98    28.02     0.048
   -7.62     8.55    -2.00        -7.63     8.56    -2.00     0.011
  -23.81     7.94   -38.82       -23.82     7.99   -38.85     0.061
   10.87   -16.41    -9.91        10.87   -16.41    -9.91     0.006
  -16.41     5.11   -11.22       -16.39     5.08   -11.24     0.040
   31.62    14.71    12.83        31.49    14.66    12.74     0.159
    9.50    15.39    63.18         9.50    15.39    63.18     0.001
   11.42    -8.69    14.45        11.44    -8.78    14.49     0.100
   -6.72    -9.13   -43.95        -6.63    -9.11   -44.04     0.129
   34.62    -4.15    -2.79        34.56    -4.09    -2.79     0.085
   24.77    11.52    33.10        24.80    11.53    33.10     0.026
   13.16    14.82   -26.21        13.11    14.80   -26.22     0.051
   25.90    -0.01   -28.92        25.92     0.03   -28.85     0.086
   -3.65   -16.56   -39.69        -3.62   -16.58   -39.72     0.048
   -7.13     5.47    59.68        -7.09     5.47    59.68     0.037
    0.45    21.52    10.38         0.45    21.53    10.38     0.004
  -27.54     7.12   -38.43       -27.52     7.06   -38.39     0.067
