75 PA4-A-Debug-Output.txt 0
    8.67   -16.04   -13.17         8.67   -16.04   -13.17     0.000
   -4.58     3.28   -27.69        -4.58     3.28   -27.69     0.000
  -42.97   -13.87   -21.59       -42.97   -13.87   -21.59     0.000
    8.64   -12.29   -20.69         8.64   -12.29   -20.69     0.000
  -20.96   -32.29   -32.36       -20.96   -32.29   -32.36     0.000
   18.22    13.01   -30.45        18.22    13.01   -30.45     0.000
  -30.85   -15.67    -7.39       -30.85   -15.67    -7.39     0.000
   29.58    21.36    -9.90        29.58    21.36    -9.90     0.000
   24.69    -6.14   -25.55        24.69    -6.14   -25.55     0.000
  -21.90   -32.77   -26.88       -21.90   -32.77   -26.88     0.000
   20.59    21.09    25.18        20.59    21.09    25.18     0.000
   31.57     1.42    16.29        31.57     1.42    16.29     0.000
   16.10     9.45   -21.41        16.10     9.45   -21.41     0.000
   18.17    -1.83    58.57        18.17    -1.83    58.57     0.000
  -32.69   -16.78    -8.41       -32.69   -16.78    -8.41     0.000
   23.46    12.07    39.09        23.46    12.07    39.09     0.000
  -17.63    10.44   -35.75       -17.63    10.44   -35.75     0.000
   21.00     4.05    58.83        21.00     4.05    58.83     0.000
   -2.81    -3.97   -31.46        -2.81    -3.97   -31.46     0.000
  -11.54    16.26    36.67       -11.54    16.26    36.67     0.000
    4.48   -15.82    -6.38         4.48   -15.82    -6.38     0.000
   -3.14     4.43   -23.96        -3.14     4.43   -23.96     0.000
   16.54    22.89    24.91        16.54    22.89    24.91     0.000
   10.39    -6.25    62.85        10.39    -6.25    62.85     0.000
   -2.11     5.27   -22.29        -2.11     5.27   -22.29     0.000
   -2.67   -23.02   -20.05        -2.67   -23.02   -20.05     0.000
   14.64   -16.51   -11.74        14.64   -16.51   -11.74     0.000
   35.67     4.18    11.44        35.67     4.18    11.44     0.000
    0.63   -12.25     4.35         0.63   -12.25     4.35     0.000
   -0.18    -8.93   -29.82        -0.18    -8.93   -29.82     0.000
  -15.66   -17.31   -47.20       -15.66   -17.31   -47.20     0.000
   10.46     1.41    63.17        10.46     1.41    63.17     0.000
    9.05    -6.47   -21.90         9.05    -6.47   -21.90     0.000
  -21.86   -24.67   -43.61       -21.86   -24.67   -43.61     0.000
   29.41    13.12    17.48        29.41    13.12    17.48     0.000
   -1.81   -10.65    13.67        -1.81   -10.65    13.67     0.000
   -0.15   -19.86   -27.21        -0.15   -19.86   -27.21     0.000
   -0.10   -14.20   -33.58        -0.10   -14.20   -33.58     0.000
  -31.24   -18.78   -45.08       -31.24   -18.78   -45.08     0.000
   11.41   -13.00     4.68        11.41   -13.00     4.68     0.000
   -0.06   -14.29   -33.49        -0.06   -14.29   -33.49     0.000
   12.62    -7.17   -21.82        12.62    -7.17   -21.82     0.000
  -31.71     7.73   -33.18       -31.71     7.73   -33.18     0.000
   -8.59   -27.57   -34.12        -8.59   -27.57   -34.12     0.000
   38.44     0.76     7.19        38.44     0.76     7.19     0.000
   -9.24    18.60    38.19        -9.24    18.60    38.19     0.000
   17.33    -8.13   -22.15        17.33    -8.13   -22.15     0.000
    0.67   -11.26    10.62         0.67   -11.26    10.62     0.000
   31.39    11.42    14.89        31.39    11.42    14.89     0.000
   16.76    -7.42    16.11        16.76    -7.42    16.11     0.000
   14.37    23.65   -20.05        14.37    23.65   -20.05     0.000
   22.75     9.88    48.48        22.75     9.88    48.48     0.000
   32.05     0.27    15.21        32.05     0.27    15.21     0.000
   -0.43    -4.70   -28.43        -0.43    -4.70   -28.43     0.000
  -42.03    -3.23   -19.18       -42.03    -3.23   -19.18     0.000
   35.80    -1.35    10.50        35.80    -1.35    10.50     0.000
   39.88     4.70    -7.21        39.88     4.70    -7.21     0.000
   28.92    -9.02     1.91        28.92    -9.02     1.91     0.000
  -40.53   -19.50   -31.20       -40.53   -19.50   -31.20     0.000
  -21.12   -28.41   -13.07       -21.12   -28.41   -13.07     0.000
    5.05    -7.53   -24.31         5.05    -7.53   -24.31     0.000
   -5.17   -10.53   -42.53        -5.17   -10.53   -42.53     0.000
   -2.96   -10.82     9.22        -2.96   -10.82     9.22     0.000
   -2.32   -22.01   -17.97        -2.32   -22.01   -17.97     0.000
   -9.45   -25.03   -39.20        -9.45   -25.03   -39.20     0.000
  -11.73     2.72    15.45       -11.73     2.72    15.45     0.000
   11.56    -8.35    15.83        11.56    -8.35    15.83     0.000
  -40.16   -10.45   -34.77       -40.16   -10.45   -34.77     0.000
    2.71   -15.45   -24.48         2.71   -15.45   -24.48     0.000
   32.75    18.34     3.21        32.75    18.34     3.21     0.000
  -10.13   -27.68   -35.85       -10.13   -27.68   -35.85     0.000
   23.14     2.42    42.47        23.14     2.42    42.47     0.000
   25.66     4.07   -29.82        25.66     4.07   -29.82     0.000
   20.34     6.44   -28.42        20.34     6.44   -28.42     0.000
   -0.08    22.52    13.29        -0.08    22.52    13.29     0.000
