150 PA5-B-Debug-Output.txt 6
 -124.0633  159.6000   35.8885 -167.4125   12.8020  118.6714
   -4.04    -9.08   -28.75        -4.04    -9.08   -28.75     0.000
   28.29    -1.97     9.95        28.29    -1.97     9.95     0.000
    4.08    -9.71    23.02         4.08    -9.71    23.02     0.000
    5.49    17.62    52.51         5.49    17.62    52.51     0.000
    0.03     8.74     7.36         0.03     8.74     7.36     0.000
   11.18    22.53    49.05        11.18    22.53    49.05     0.000
   21.28    22.37   -22.76        21.28    22.37   -22.76     0.000
    2.15    -8.75    54.60         2.15    -8.75    54.60     0.000
   15.38    24.40    32.40        15.38    24.40    32.40     0.000
   12.43    -4.06   -19.22        12.43    -4.06   -19.22     0.000
    7.49   -14.83    -1.21         7.49   -14.83    -1.21     0.000
   21.87    25.96     3.65        21.87    25.96     3.65     0.000
   16.73     0.83    46.24        16.73     0.83    46.24     0.000
  -36.56   -24.04   -43.65       -36.56   -24.04   -43.65     0.000
   -0.78   -10.42    26.86        -0.78   -10.42    26.86     0.000
    6.83   -14.07     0.16         6.83   -14.07     0.16     0.000
  -31.04     6.79   -31.70       -31.04     6.79   -31.70     0.000
  -23.44   -24.98   -13.12       -23.44   -24.98   -13.12     0.000
   14.80    -4.87    15.69        14.80    -4.87    15.69     0.000
   12.83    16.52    60.19        12.83    16.52    60.19     0.000
   31.70    14.23     7.50        31.70    14.23     7.50     0.000
  -26.67   -24.75   -49.15       -26.67   -24.75   -49.15     0.000
  -28.25   -27.80   -11.84       -28.25   -27.80   -11.84     0.000
    8.65    21.85    50.21         8.65    21.85    50.21     0.000
    3.44    13.47    38.36         3.44    13.47    38.36     0.000
   10.02    -3.98    52.72        10.02    -3.98    52.72     0.000
    2.14     8.51   -16.72         2.14     8.51   -16.72     0.000
    1.70    -9.54   -21.27         1.70    -9.54   -21.27     0.000
    2.62     4.33    53.64         2.62     4.33    53.64     0.000
  -17.04   -24.72   -48.33       -17.04   -24.72   -48.33     0.000
   10.68    13.61    61.26        10.68    13.61    61.26     0.000
  -21.08    -3.91   -51.19       -21.08    -3.91   -51.19     0.000
   15.48    23.24    36.05        15.48    23.24    36.05     0.000
    5.40     8.50   -15.13         5.40     8.50   -15.13     0.000
  -24.41   -15.88   -51.70       -24.41   -15.88   -51.70     0.000
   20.54    20.58    51.50        20.54    20.58    51.50     0.000
  -42.45   -23.93   -25.14       -42.45   -23.93   -25.14     0.000
   24.56     7.04    25.10        24.56     7.04    25.10     0.000
   -4.55    -1.66    18.24        -4.55    -1.66    18.24     0.000
   -0.70    -6.04    40.41        -0.70    -6.04    40.41     0.000
   26.78    19.72   -19.02        26.78    19.72   -19.02     0.000
    4.78    22.50    42.98         4.78    22.50    42.98     0.000
   13.57   -13.85    -5.90        13.57   -13.85    -5.90     0.000
  -10.64    -2.96     4.66       -10.64    -2.96     4.66     0.000
    0.97    17.73    37.94         0.97    17.73    37.94     0.000
   23.10    24.78     0.62        23.10    24.78     0.62     0.000
   28.43    20.07   -14.96        28.43    20.07   -14.96     0.000
   21.53    -7.06    24.94        21.53    -7.06    24.94     0.000
  -38.51    -0.77   -40.94       -38.51    -0.77   -40.94     0.000
   18.19    24.03   -12.94        18.19    24.03   -12.94     0.000
    3.20     9.54    39.95         3.20     9.54    39.95     0.000
    4.41     2.80    62.86         4.41     2.80    62.86     0.000
  -39.59   -15.06   -45.76       -39.59   -15.06   -45.76     0.000
   33.39     6.28     0.36        33.39     6.28     0.36     0.000
   15.43     3.81   -20.50        15.43     3.81   -20.50     0.000
   11.95    21.08    -0.47        11.95    21.08    -0.47     0.000
  -27.92   -34.58   -28.40       -27.92   -34.58   -28.40     0.000
    8.81    19.10     3.75         8.81    19.10     3.75     0.000
   26.57    -1.32   -16.80        26.57    -1.32   -16.80     0.000
  -42.27   -12.92   -41.42       -42.27   -12.92   -41.42     0.000
   10.05    20.20    57.87        10.05    20.20    57.87     0.000
  -41.48    -3.99   -37.80       -41.48    -3.99   -37.80     0.000
   34.15     3.40     0.36        34.15     3.40     0.36     0.000
   10.47    22.77    48.28        10.47    22.77    48.28     0.000
  -12.30     5.43   -35.68       -12.30     5.43   -35.68     0.000
  -27.56   -29.43   -13.73       -27.56   -29.43   -13.73     0.000
   21.54     9.83    41.98        21.54     9.83    41.98     0.000
  -16.86    -4.91   -49.49       -16.86    -4.91   -49.49     0.000
    2.75     6.73    42.05         2.75     6.73    42.05     0.000
  -15.75    -5.11   -48.60       -15.75    -5.11   -48.60     0.000
  -22.23   -10.72    -7.89       -22.23   -10.72    -7.89     0.000
  -10.98   -13.24    -0.51       -10.98   -13.24    -0.51     0.000
   -0.31     7.01    18.44        -0.32     7.01    18.44     0.000
   -6.86    -8.36   -38.94        -6.86    -8.36   -38.94     0.000
    9.05    -1.23   -19.98         9.05    -1.23   -19.98     0.000
   25.17    11.46   -24.61        25.17    11.46   -24.61     0.000
    4.47    18.60    14.97         4.47    18.60    14.97     0.000
   18.23    18.96   -19.11        18.23    18.96   -19.11     0.000
   23.74     2.68    23.07        23.74     2.68    23.07     0.000
   27.19    21.81    -3.60        27.19    21.81    -3.60     0.000
   30.97    -1.41     1.64        30.97    -1.41     1.64     0.000
  -22.15   -21.28   -12.40       -22.15   -21.28   -12.40     0.000
   15.09     5.76    57.32        15.09     5.76    57.32     0.000
   21.91    25.82     5.73        21.91    25.82     5.73     0.000
   -3.63    -7.82   -29.13        -3.63    -7.82   -29.13     0.000
   28.69    19.97     5.86        28.69    19.97     5.86     0.000
  -10.15     3.11   -32.41       -10.15     3.11   -32.41     0.000
   30.19     5.79   -16.17        30.19     5.79   -16.17     0.000
    1.58     9.62   -10.83         1.58     9.62   -10.83     0.000
  -34.86   -11.49   -49.27       -34.86   -11.49   -49.27     0.000
   18.34    22.04    37.88        18.34    22.04    37.88     0.000
    9.74   -12.59     1.22         9.74   -12.59     1.22     0.000
    1.79    -5.23   -22.75         1.79    -5.23   -22.75     0.000
   33.76     1.00     6.38        33.76     1.00     6.38     0.000
    1.13    -1.14    54.63         1.13    -1.14    54.63     0.000
  -10.20   -29.50   -23.84       -10.20   -29.50   -23.84     0.000
  -33.63     4.15   -38.45       -33.63     4.15   -38.45     0.000
   27.37     0.54   -22.03        27.37     0.54   -22.03     0.000
  -39.91   -26.15   -22.39       -39.91   -26.15   -22.39     0.000
    0.03    -7.11    60.77         0.03    -7.11    60.77     0.000
   -6.67    -2.01   -35.83        -6.67    -2.01   -35.83     0.000
   25.12     1.34   -24.31        25.12     1.34   -24.31     0.000
   23.74     0.64   -22.86        23.74     0.64   -22.86     0.000
  -31.55     2.33   -17.65       -31.55     2.33   -17.65     0.000
   30.06     5.94   -18.25        30.06     5.94   -18.25     0.000
   27.76    17.89    18.18        27.76    17.89    18.18     0.000
   33.81     3.83     7.50        33.81     3.83     7.50     0.000
   31.50     7.68    12.91        31.50     7.68    12.91     0.000
    0.86    -9.24    42.73         0.86    -9.24    42.73     0.000
    0.61    25.06    27.66         0.61    25.06    27.66     0.000
  -10.85    -4.85   -46.87       -10.85    -4.85   -46.87     0.000
   18.42    24.93    -9.79        18.42    24.93    -9.79     0.000
    4.12     7.29   -16.52         4.12     7.29   -16.52     0.000
   -2.96   -15.77   -20.95        -2.96   -15.77   -20.95     0.000
   -0.99     7.82     9.74        -0.99     7.82     9.74     0.000
  -31.88   -25.85   -13.07       -31.88   -25.85   -13.07     0.000
   -9.41   -28.29   -20.25        -9.41   -28.29   -20.25     0.000
   17.28     7.23   -21.48        17.28     7.23   -21.48     0.000
   28.06    16.43    18.42        28.06    16.43    18.42     0.000
   24.36     9.63    27.13        24.36     9.63    27.13     0.000
   18.04     9.69    58.57        18.04     9.69    58.57     0.000
  -16.81    -7.66    -2.94       -16.81    -7.66    -2.94     0.000
   11.97    21.28    57.98        11.97    21.28    57.98     0.000
  -15.75     5.69   -41.03       -15.75     5.69   -41.03     0.000
   16.29    10.63   -19.95        16.29    10.63   -19.95     0.000
    0.02    17.01    37.24         0.02    17.01    37.24     0.000
    5.20    16.56    55.46         5.20    16.56    55.46     0.000
  -22.97     6.66   -24.32       -22.97     6.66   -24.32     0.000
   14.02    22.37    -2.43        14.02    22.37    -2.43     0.000
   13.25    -9.26     5.29        13.25    -9.26     5.29     0.000
   23.59    24.37    -3.38        23.59    24.37    -3.38     0.000
   15.86    -9.84     0.91        15.86    -9.84     0.91     0.000
   12.63    28.53    18.36        12.63    28.53    18.36     0.000
    5.11    16.94    12.28         5.11    16.94    12.28     0.000
   21.91    25.91     4.00        21.91    25.91     4.00     0.000
   20.25     8.98   -27.04        20.25     8.98   -27.04     0.000
   33.03    12.30     5.17        33.03    12.30     5.17     0.000
  -22.09   -20.53   -51.23       -22.09   -20.53   -51.23     0.000
   12.51    28.60    16.68        12.51    28.60    16.68     0.000
  -45.69   -11.37   -36.76       -45.69   -11.37   -36.76     0.000
    4.05    22.09    16.19         4.05    22.09    16.19     0.000
   20.13    13.91    52.50        20.13    13.91    52.50     0.000
   15.62    22.29    40.05        15.62    22.29    40.05     0.000
  -22.34     6.16   -40.02       -22.34     6.16   -40.02     0.000
  -24.63   -27.11   -46.90       -24.63   -27.11   -46.90     0.000
  -28.48   -31.45   -40.64       -28.48   -31.45   -40.64     0.000
   -3.53   -14.27    -0.98        -3.53   -14.27    -0.98     0.000
    0.80    -5.08    61.15         0.80    -5.08    61.15     0.000
  -40.83    -6.88   -41.05       -40.83    -6.88   -41.05     0.000
    4.53    21.84    43.70         4.53    21.84    43.70     0.000
