15 PA3-E-Debug-Output.txt 0
   -4.00   -22.54   -34.39        -3.79   -22.81   -34.55     0.383
  -42.57   -14.97   -36.23       -39.85   -14.75   -36.00     2.733
    7.39    24.19     9.03         7.10    25.23     9.09     1.087
    9.75    -3.68   -23.11         9.73    -3.79   -22.01     1.112
  -27.11   -33.39   -18.85       -26.43   -31.18   -19.22     2.343
   27.49    17.59     2.21        29.92    21.04     2.34     4.228
    7.13     4.86    61.04         7.35     4.98    63.12     2.093
   29.27   -10.06    -4.67        29.28   -10.06    -4.67     0.008
   18.44    22.67    11.26        19.01    24.56    11.68     2.021
   27.38    -8.22     8.94        27.33    -7.31     8.69     0.944
   -0.90    -4.64    61.84        -1.56    -5.84    61.82     1.369
  -18.21    17.35    19.16       -16.13    16.49    20.59     2.664
   22.03    -7.77    14.97        21.67    -6.54    14.68     1.311
  -31.18     7.11   -22.77       -32.20     8.64   -22.33     1.882
  -31.67   -12.98    -8.30       -32.29   -13.45    -7.08     1.450
