15 PA3-A-Debug-Output.txt 0
    8.70   -13.90   -18.54         8.70   -13.90   -18.54     0.000
   27.00     3.13    27.28        27.00     3.13    27.28     0.000
   30.12     3.62    19.24        30.12     3.62    19.24     0.000
    4.55    -7.31    33.03         4.55    -7.31    33.03     0.000
   -4.01   -24.99   -21.98        -4.01   -24.99   -21.98     0.000
   36.15    -2.66    -5.16        36.15    -2.66    -5.16     0.000
    9.27    -5.64    63.40         9.27    -5.64    63.40     0.000
   -0.03   -12.22   -32.35        -0.03   -12.22   -32.35     0.000
   17.63    20.08   -29.62        17.63    20.08   -29.62     0.000
  -35.09   -24.16   -37.30       -35.09   -24.16   -37.30     0.000
   -1.36    12.55    62.88        -1.36    12.55    62.88     0.000
  -15.92    16.07    30.65       -15.92    16.07    30.65     0.000
   11.27    21.37    46.41        11.27    21.37    46.41     0.000
   13.57    -1.02    63.00        13.57    -1.02    63.00     0.000
   10.62     0.20   -20.94        10.62     0.20   -20.94     0.000
