15 PA3-D-Debug-Output.txt 0
    9.24    25.74     2.75         9.12    25.92     2.69     0.224
    1.68    -7.07    47.98         1.71    -6.80    47.99     0.267
  -10.79     1.46    30.91        -7.62     1.98    30.22     3.285
    9.94    -4.62    58.67        10.51    -6.62    58.50     2.090
  -28.53   -30.98   -18.66       -28.05   -30.32   -18.95     0.868
  -32.13   -31.41   -30.02       -31.16   -30.00   -29.87     1.720
   -2.71   -10.35    18.08        -2.51    -9.78    18.00     0.607
   14.25    -0.60    58.87        16.94    -3.21    59.06     3.757
   29.97    17.25   -17.72        31.30    17.99   -18.23     1.608
    2.23    -5.86    62.74         2.25    -5.87    63.48     0.740
   18.50     0.21   -24.31        18.94     0.30   -23.49     0.931
   -2.18    -9.92   -37.92        -1.95    -9.93   -37.97     0.238
   17.38    18.85    29.98        19.13    20.76    30.61     2.661
   36.21    -1.63     0.45        36.69    -2.04     0.38     0.635
  -17.57    16.68    16.97       -14.90    16.54    18.83     3.258
