15 PA3-C-Debug-Answer.txt 0
    3.21     6.40   -19.32         2.87     5.74   -18.72     0.950
  -35.69    -9.39   -10.45       -37.13    -9.56    -9.46     1.756
   -3.53    -4.79   -37.98        -3.28    -4.70   -38.06     0.278
   15.34    -4.45    43.43        15.64    -5.36    43.49     0.964
  -15.61   -29.96   -37.02       -15.73   -29.51   -36.79     0.520
  -41.47   -15.37   -18.68       -41.76   -15.43   -18.59     0.305
  -10.28    -2.69    18.11        -9.48    -2.54    17.93     0.836
  -29.98   -22.18   -46.22       -29.35   -21.20   -44.83     1.817
   38.84     1.99   -10.41        39.12     1.97   -10.49     0.284
   -2.03    12.55    -3.96        -1.47    11.76    -3.63     1.024
   10.27   -16.96   -11.48        10.40   -16.14   -11.37     0.833
   11.70   -17.52   -10.28        11.86   -16.54   -10.15     0.996
   12.23    -7.89    15.03        12.33    -8.37    15.16     0.506
   28.74    19.08   -22.53        28.49    18.91   -22.30     0.382
   -4.05    24.76    22.12        -4.15    24.30    22.19     0.483
