15 PA3-B-Debug-Answer.txt 0
  -42.86   -16.69   -32.15       -41.08   -16.31   -31.00     2.146
    2.80    17.66    -1.88         3.59    17.20    -1.30     1.087
   32.25    -2.70   -26.77        31.25    -2.35   -25.82     1.421
  -33.88    -8.76   -11.69       -34.96    -7.26    -9.04     3.240
   14.28   -16.03    -2.17        14.30   -16.23    -2.11     0.220
  -12.32   -20.18   -10.26       -12.09   -20.75    -9.45     1.018
  -40.92   -13.20   -16.76       -41.32   -13.31   -16.54     0.471
   -8.02     6.24   -17.03        -8.09     8.33   -16.91     2.089
  -33.44   -28.47   -18.72       -33.01   -27.90   -18.95     0.755
   30.48     1.25   -29.63        29.79     1.73   -28.69     1.263
    8.08    -8.58    60.41         8.04    -7.32    60.49     1.257
   -2.04    -7.74    47.31        -1.12    -5.78    47.14     2.176
  -16.87    13.65    17.48       -14.59    14.40    19.27     2.993
  -10.68    -4.50    14.08        -9.88    -4.09    13.81     0.941
   23.10   -17.00   -15.34        22.78   -15.48   -15.23     1.556
