15 PA3-F-Debug-Output.txt 0
   23.89     8.26    35.66        24.84     8.31    35.84     0.976
   -3.96   -15.80    -0.39        -3.85   -13.92    -1.19     2.044
   20.13    10.31    49.87        22.18    10.80    50.27     2.143
  -27.66   -24.21   -45.57       -27.22   -22.92   -44.22     1.918
   13.01    -6.16    37.98        12.99    -6.11    37.98     0.055
   22.11    21.11    15.45        22.65    22.10    15.82     1.185
    2.04   -20.17   -25.08         0.49   -19.54   -24.68     1.726
  -20.35   -11.27    -4.04       -20.39   -11.37    -3.86     0.205
  -38.58   -11.38   -40.17       -39.13   -11.46   -40.48     0.644
  -35.08   -23.52   -14.82       -35.08   -23.52   -14.82     0.003
   29.69    18.54     7.76        30.71    19.68     7.89     1.541
   -2.38     3.36    63.24        -2.38     3.36    63.40     0.162
   -3.92    10.72     3.17        -4.83    11.80     2.82     1.455
   19.09    24.25    -8.72        19.33    26.11    -8.81     1.878
    8.68   -12.03   -22.25         8.15   -11.66   -21.60     0.918
