200 PA4-E-Debug-Answer.txt 0
  -10.05   -25.72   -39.03       -10.07   -25.69   -39.01     0.043
   -8.47   -28.99   -26.38        -8.50   -28.96   -26.39     0.038
  -29.94    10.15   -24.85       -29.94    10.14   -24.85     0.011
  -38.68    -9.69   -41.23       -38.73    -9.69   -41.28     0.073
   -8.57    24.54    28.97        -8.57    24.63    29.00     0.089
   21.83    24.74     7.09        21.82    24.71     7.08     0.032
  -35.94     3.67   -35.11       -36.00     3.73   -35.13     0.092
    3.42     9.86    63.37         3.42     9.86    63.34     0.028
    3.17    -3.03   -24.34         3.19    -3.01   -24.39     0.056
   21.29    -0.81    44.47        21.27    -0.80    44.47     0.015
   -2.53   -11.63   -39.08        -2.50   -11.64   -39.09     0.031
   -2.66    16.27    48.88        -2.68    16.28    48.89     0.026
    2.58   -14.09   -25.63         2.57   -14.08   -25.62     0.019
   11.72    22.36    33.50        11.73    22.32    33.49     0.038
   32.89    -7.51   -12.69        32.92    -7.54   -12.68     0.051
   12.24   -13.73     3.09        12.24   -13.71     3.08     0.026
   31.05    16.97   -21.13        30.98    16.92   -21.10     0.095
  -28.07     7.43   -16.01       -28.07     7.45   -15.98     0.045
   14.71    25.25    12.97        14.71    25.22    12.96     0.031
  -25.46     8.50   -37.11       -25.49     8.59   -37.17     0.113
  -31.25   -18.36    -8.07       -31.22   -18.35    -8.12     0.050
  -21.07   -27.52   -40.88       -21.07   -27.51   -40.87     0.023
  -12.79     5.00    -0.25       -12.87     5.10    -0.25     0.137
   25.92    18.66    17.55        25.83    18.59    17.52     0.115
  -20.10   -31.22   -17.07       -20.10   -31.22   -17.07     0.000
   29.76    15.43    14.54        29.76    15.42    14.54     0.005
   20.28    -5.18    27.86        20.17    -4.96    27.83     0.252
    5.69    22.51    31.21         5.70    22.33    31.16     0.184
  -19.99   -32.22   -32.08       -19.97   -32.33   -32.11     0.118
   -3.18   -17.67    -7.87        -3.18   -17.62    -7.89     0.063
  -31.76   -28.05   -17.61       -31.78   -28.08   -17.60     0.028
   -0.62   -10.08   -31.98        -0.66   -10.10   -31.95     0.054
  -29.58     7.01   -15.55       -29.57     6.96   -15.60     0.067
   29.53    21.31    -4.65        29.48    21.25    -4.65     0.074
   34.96    -4.14   -17.89        35.01    -4.16   -17.92     0.065
   32.59    -4.30    11.31        32.58    -4.29    11.29     0.023
  -29.75   -28.57   -16.41       -29.75   -28.55   -16.41     0.016
   -5.21   -25.33   -32.07        -5.25   -25.29   -32.05     0.060
  -40.05     1.77   -27.51       -40.03     1.76   -27.51     0.030
   11.73    21.00    55.47        11.73    20.68    55.43     0.324
   20.89    24.98   -19.65        20.90    24.99   -19.65     0.011
  -30.48     5.94   -38.79       -30.45     5.88   -38.76     0.078
   39.07     3.96   -10.45        39.11     3.96   -10.46     0.041
   -5.81     1.93   -32.72        -5.81     1.93   -32.72     0.003
    5.60     7.19    63.35         5.59     7.19    63.28     0.070
  -12.08    14.87    16.76       -12.04    14.87    16.81     0.064
   22.08    -6.75    14.39        22.01    -6.52    14.34     0.241
   -7.61   -10.15     5.27        -7.67   -10.29     5.35     0.180
  -21.35     6.71   -40.49       -21.35     6.70   -40.47     0.024
  -40.36   -18.94   -18.19       -40.37   -18.94   -18.19     0.003
   -1.47     5.17   -22.19        -1.47     5.17   -22.19     0.002
   16.94    17.38   -30.89        16.93    17.38   -30.86     0.035
   33.41    -6.62   -17.70        33.32    -6.55   -17.67     0.116
   13.88    -4.39    62.57        13.87    -4.37    62.56     0.027
  -25.28   -22.70    -8.09       -25.28   -22.72    -8.07     0.035
   -1.06   -21.47   -20.85        -1.02   -21.50   -20.84     0.054
   -9.06     7.48    -6.92        -9.08     7.52    -6.92     0.044
  -26.15   -16.88   -47.40       -26.15   -16.89   -47.43     0.032
   26.38   -12.14    -4.30        26.37   -12.12    -4.30     0.016
   -2.47   -12.85     1.37        -2.47   -12.90     1.39     0.052
   -1.16    -6.73    35.14        -1.16    -6.71    35.13     0.022
   33.60    14.29    10.58        33.54    14.25    10.55     0.084
   23.97   -10.03   -23.07        23.98   -10.07   -23.11     0.054
   14.67    14.49   -29.58        14.70    14.53   -29.49     0.099
  -10.91   -27.00   -37.74       -10.85   -27.08   -37.79     0.110
   -4.03   -17.75    -7.80        -4.04   -17.68    -7.83     0.082
   -2.00    -5.61    62.67        -1.93    -5.47    62.61     0.174
   31.21    11.51    15.05        31.24    11.52    15.07     0.040
   21.62     2.02    50.55        21.64     2.02    50.55     0.015
   -2.79   -11.11   -39.41        -2.72   -11.12   -39.46     0.084
    7.88     3.76    63.14         7.88     3.76    63.12     0.022
   19.89    23.04   -25.95        19.88    23.00   -25.92     0.051
  -30.15     3.31   -13.75       -30.14     3.32   -13.69     0.063
  -31.43   -21.10    -9.21       -31.45   -21.12    -9.17     0.048
   13.36    16.01    63.10        13.36    16.01    63.07     0.030
    9.12    11.48    63.16         9.12    11.48    63.19     0.022
   -4.17   -12.96     1.55        -4.17   -12.81     1.50     0.154
   -6.23   -21.71   -39.18        -6.25   -21.70   -39.17     0.019
  -28.45   -18.71    -7.26       -28.45   -18.71    -7.23     0.023
   22.02    22.22    16.27        22.04    22.26    16.29     0.050
    0.29    -5.32    63.49         0.29    -5.32    63.49     0.001
   34.26     1.45    13.12        34.20     1.45    13.08     0.076
  -18.08   -23.47    -9.22       -18.08   -23.47    -9.20     0.013
   17.91   -16.81   -13.21        17.93   -16.71   -13.17     0.116
   -6.68    23.81    19.84        -6.69    23.91    19.80     0.107
   -6.65     9.35    53.66        -6.41     9.30    53.67     0.245
  -11.42     6.59     6.91       -11.31     6.51     6.90     0.133
   10.21    -6.85    58.09        10.18    -6.76    58.08     0.096
   -8.42    -1.60    23.33        -8.53    -1.62    23.35     0.116
    5.49   -16.79   -13.62         5.48   -16.76   -13.61     0.028
   21.90   -15.48   -16.18        21.87   -15.35   -16.12     0.143
   20.81    14.04    49.97        20.88    14.09    49.98     0.093
   29.83    10.67    18.84        29.60    10.58    18.75     0.266
   -5.12     2.38   -29.51        -5.10     2.39   -29.52     0.026
  -34.74     4.86   -16.82       -34.73     4.85   -16.82     0.018
  -38.08     1.42   -35.55       -38.05     1.40   -35.53     0.037
   18.97    16.32    51.48        19.08    16.41    51.50     0.139
  -39.79   -13.10   -34.59       -39.73   -13.12   -34.61     0.069
  -30.74     9.64   -23.12       -30.79     9.74   -23.12     0.116
    0.05     5.43   -20.70         0.09     5.48   -20.73     0.068
   35.97    14.26     0.07        36.07    14.33     0.06     0.115
   11.00    -6.25    48.88        11.02    -6.38    48.88     0.135
   25.89   -11.14    -1.75        25.90   -11.21    -1.73     0.064
   -5.72    -3.10    35.64        -5.73    -3.11    35.64     0.013
   -7.63    24.21    30.11        -7.63    24.25    30.12     0.043
  -18.10   -26.41   -41.97       -18.09   -26.45   -42.01     0.053
  -17.75     4.87   -11.81       -17.75     4.86   -11.81     0.016
    2.93    19.18    49.74         2.91    19.28    49.75     0.102
    4.14    23.64    22.80         4.14    23.68    22.80     0.038
   16.86    19.07    48.75        16.86    19.07    48.75     0.005
  -31.82   -27.71   -17.04       -31.86   -27.79   -17.01     0.092
  -32.54   -18.55   -44.11       -32.59   -18.57   -44.17     0.082
   35.73    13.81     7.58        35.74    13.82     7.59     0.014
  -22.70    10.82   -34.20       -22.68    10.75   -34.17     0.084
  -12.98   -14.71   -47.28       -12.98   -14.71   -47.28     0.003
   23.05     6.05   -30.02        23.04     6.04   -30.06     0.040
   16.51    22.08    33.12        16.52    22.11    33.13     0.031
   23.15   -14.76    -7.13        23.13   -14.75    -7.14     0.020
    0.85   -16.04   -28.11         0.82   -16.04   -28.10     0.032
   11.78    20.22   -22.21        11.80    20.21   -22.21     0.021
   -6.39    -8.52    13.54        -6.43    -8.57    13.55     0.075
   -9.41   -28.59   -20.81        -9.45   -28.52   -20.83     0.082
  -40.76   -16.72   -17.07       -40.75   -16.72   -17.07     0.011
   15.55     0.33   -21.63        15.56     0.33   -21.62     0.018
  -43.20   -14.07   -26.91       -43.23   -14.06   -26.94     0.042
   -3.40    -4.00    52.48        -3.34    -3.95    52.47     0.076
   -3.07    11.95    -0.79        -3.07    11.95    -0.79     0.002
   14.68    -0.58   -21.68        14.68    -0.56   -21.72     0.051
   -6.75     6.45    60.47        -7.06     6.47    60.47     0.303
   -8.16    23.27    18.85        -8.14    23.21    18.88     0.064
  -34.79   -17.30    -9.44       -34.71   -17.24    -9.51     0.117
  -24.45   -32.60   -23.33       -24.45   -32.54   -23.34     0.065
  -34.26     7.56   -28.79       -34.23     7.52   -28.78     0.048
   -0.56   -12.53     2.50        -0.56   -12.57     2.51     0.042
   35.75    -1.38    10.62        35.71    -1.36    10.60     0.046
    9.83   -15.29   -14.74         9.81   -15.15   -14.70     0.145
  -33.11     0.94   -41.66       -33.11     0.94   -41.66     0.000
  -25.82   -27.05   -40.46       -25.81   -27.03   -40.45     0.023
   38.13    11.32    -1.61        38.22    11.37    -1.61     0.101
  -19.06   -20.91   -46.56       -19.05   -20.93   -46.62     0.061
  -28.96   -29.18   -17.26       -28.96   -29.19   -17.26     0.003
  -19.03     0.26   -46.07       -19.03     0.25   -46.06     0.017
   23.54    22.79   -22.96        23.58    22.85   -22.99     0.074
  -10.99    -8.09     5.79       -10.99    -8.08     5.78     0.007
   -2.25   -15.86   -38.13        -2.25   -15.86   -38.13     0.004
    1.94     9.08   -13.94         1.94     9.10   -13.95     0.014
   -9.50     8.09   -12.77        -9.50     8.06   -12.77     0.027
    1.47    -7.08    62.32         1.48    -7.04    62.31     0.040
   37.92     5.54   -12.50        37.89     5.53   -12.49     0.028
    1.74   -13.40   -26.60         1.80   -13.42   -26.65     0.074
   32.01    18.04     8.04        32.05    18.07     8.06     0.058
  -34.88     4.68   -16.68       -34.87     4.67   -16.69     0.015
    7.46    24.48    17.61         7.47    24.45    17.60     0.028
   -4.90    -2.56    56.80        -4.82    -2.50    56.80     0.089
   -7.06    -0.53    31.38        -7.05    -0.53    31.38     0.012
  -27.91   -26.98   -12.36       -27.89   -26.96   -12.37     0.029
   20.49   -14.63    -3.65        20.49   -14.63    -3.66     0.010
  -35.59     6.16   -29.93       -35.63     6.22   -29.94     0.071
  -42.07    -7.99   -31.33       -42.11    -8.00   -31.36     0.058
   -9.62   -25.50   -14.65        -9.64   -25.48   -14.67     0.034
    2.16    -7.20   -26.29         2.21    -7.19   -26.36     0.084
   -4.21     0.44    63.18        -4.22     0.44    63.21     0.030
    0.38    -6.81    55.62         0.42    -6.69    55.62     0.124
   22.69    -4.45    23.70        22.65    -4.38    23.68     0.086
   -6.86     5.11    48.56        -6.94     5.09    48.55     0.078
  -29.15   -27.89   -38.04       -29.14   -27.88   -38.03     0.021
  -43.98    -7.42   -25.37       -44.03    -7.40   -25.38     0.052
  -21.07   -11.40   -49.55       -21.07   -11.40   -49.55     0.001
  -15.60   -31.07   -32.89       -15.57   -31.17   -32.91     0.103
    1.37    20.73    40.10         1.38    20.68    40.09     0.052
   13.87    -5.99    46.44        13.81    -5.85    46.44     0.154
    4.82   -12.42   -23.31         4.80   -12.41   -23.30     0.023
   17.56    20.72   -29.13        17.58    20.75   -29.19     0.073
   -3.43   -23.41   -19.57        -3.41   -23.43   -19.57     0.026
   -9.38   -27.92   -34.66        -9.42   -27.87   -34.63     0.073
   -2.01   -23.11   -24.86        -2.02   -23.10   -24.86     0.021
    1.99    -7.01    36.53         1.99    -7.02    36.53     0.016
  -40.65   -20.26   -30.00       -40.74   -20.30   -30.02     0.099
    1.42    -6.95    39.97         1.43    -6.86    39.97     0.092
    9.81    -6.75    55.43         9.84    -6.88    55.43     0.138
  -39.99   -17.70   -33.32       -40.03   -17.69   -33.32     0.039
   24.22     9.34    38.30        24.36     9.35    38.32     0.142
   -0.24    19.01     7.35        -0.33    19.09     7.29     0.138
   -0.05    -6.41    59.89        -0.07    -6.46    59.88     0.058
  -28.48   -21.90    -8.13       -28.48   -21.92    -8.12     0.027
    4.37   -16.93   -19.05         4.33   -16.85   -19.03     0.093
   -6.51   -21.15   -11.05        -6.55   -21.08   -11.09     0.091
   35.49    11.13   -14.72        35.63    11.16   -14.77     0.155
  -29.72     7.36   -15.91       -29.71     7.32   -15.95     0.062
   -4.00    -4.86    38.03        -3.95    -4.81    38.02     0.071
  -36.77   -13.04   -43.58       -36.77   -13.04   -43.58     0.008
   -0.01   -17.36   -29.63         0.05   -17.37   -29.65     0.060
   -7.80   -20.39    -9.87        -7.79   -20.41    -9.83     0.044
   18.67   -13.86    -1.39        18.66   -13.84    -1.41     0.031
    4.18    12.59    63.21         4.18    12.59    63.19     0.022
   -7.03     6.74    57.67        -7.06     6.74    57.67     0.022
   -5.08    -2.73    42.25        -5.08    -2.72    42.25     0.002
   -3.21    16.33     8.26        -3.21    16.32     8.26     0.012
  -19.13    11.69   -21.80       -19.09    11.76   -21.77     0.087
  -28.52     8.51   -35.33       -28.52     8.50   -35.33     0.009
