200 PA4-D-Debug-Output.txt 0
  -39.45   -13.90   -38.84       -39.45   -13.90   -38.84     0.000
   -0.55    17.43    53.82        -0.55    17.43    53.82     0.000
   -2.07    19.93    40.79        -2.07    19.93    40.79     0.000
  -38.46     3.74   -23.72       -38.46     3.74   -23.72     0.000
  -22.13     9.24   -37.15       -22.13     9.24   -37.15     0.000
  -31.72     7.94   -32.72       -31.72     7.94   -32.72     0.000
   -9.93   -18.50    -7.56        -9.93   -18.50    -7.56     0.000
   18.97    22.01    25.29        18.97    22.01    25.29     0.000
    9.14   -14.03     2.30         9.14   -14.03     2.30     0.000
  -18.64    -2.96    -1.79       -18.64    -2.96    -1.79     0.000
   31.01    20.02    -1.99        31.01    20.02    -1.99     0.000
  -25.41   -21.20   -45.87       -25.41   -21.20   -45.87     0.000
  -29.39   -27.30   -13.98       -29.39   -27.30   -13.98     0.000
   28.80    -9.37     1.13        28.80    -9.37     1.13     0.000
   -4.97    -5.78    28.99        -4.97    -5.78    28.99     0.000
   -7.01     6.98    58.69        -7.01     6.98    58.69     0.000
  -21.60   -32.12   -21.13       -21.60   -32.12   -21.13     0.000
   12.09    17.84   -20.82        12.09    17.84   -20.82     0.000
  -22.77     6.45   -40.94       -22.77     6.45   -40.94     0.000
   23.17    10.23    45.06        23.17    10.23    45.06     0.000
    0.03   -16.56   -31.35         0.03   -16.56   -31.35     0.000
    8.63    21.44    -7.16         8.63    21.44    -7.16     0.000
   14.26    20.83   -29.65        14.26    20.83   -29.65     0.000
   11.50   -12.51   -18.72        11.50   -12.51   -18.72     0.000
   -0.05   -20.24   -25.31        -0.05   -20.24   -25.31     0.000
  -40.55   -10.26   -14.47       -40.55   -10.26   -14.47     0.000
   21.90    14.53   -30.09        21.90    14.53   -30.09     0.000
    9.48    -6.68    31.04         9.48    -6.68    31.04     0.000
  -29.95    -6.77    -8.08       -29.95    -6.77    -8.08     0.000
   -7.73    15.96    13.01        -7.73    15.96    13.01     0.000
  -15.52   -18.11    -6.20       -15.52   -18.11    -6.20     0.000
   -8.67    24.12    30.61        -8.67    24.12    30.61     0.000
  -30.37     9.25   -20.56       -30.37     9.25   -20.56     0.000
   29.23    14.93    15.82        29.23    14.93    15.82     0.000
   20.56    -1.35   -24.22        20.56    -1.35   -24.22     0.000
    6.47    -9.66    15.58         6.47    -9.66    15.58     0.000
   -6.14     5.06    62.68        -6.14     5.06    62.68     0.000
   14.43    -7.84    15.65        14.43    -7.84    15.65     0.000
   -4.22    13.93     6.38        -4.22    13.93     6.38     0.000
   24.17    -4.72    19.48        24.17    -4.72    19.48     0.000
   -5.75    23.93    19.77        -5.75    23.93    19.77     0.000
  -36.71   -13.44   -43.50       -36.71   -13.44   -43.50     0.000
  -31.46     5.17   -14.69       -31.46     5.17   -14.69     0.000
    4.16    -5.47   -24.52         4.16    -5.47   -24.52     0.000
  -15.66    -5.98     2.16       -15.66    -5.98     2.16     0.000
   21.65     2.50    51.67        21.65     2.50    51.67     0.000
  -11.72     5.38   -39.43       -11.72     5.38   -39.43     0.000
    7.38    11.84   -10.16         7.38    11.84   -10.16     0.000
   20.50    -0.56    50.01        20.50    -0.56    50.01     0.000
    8.96   -11.48   -20.93         8.96   -11.48   -20.93     0.000
    6.82    -8.30    19.91         6.82    -8.30    19.91     0.000
    0.13   -12.52   -31.94         0.13   -12.52   -31.94     0.000
    1.71    17.76     3.17         1.71    17.76     3.17     0.000
   -7.22    24.94    23.81        -7.22    24.94    23.81     0.000
  -32.80   -12.21   -46.48       -32.80   -12.21   -46.48     0.000
   37.55    -0.79   -13.08        37.55    -0.79   -13.08     0.000
   20.18    -0.75    51.57        20.18    -0.75    51.57     0.000
    1.83    10.59    -9.72         1.83    10.59    -9.72     0.000
   -1.55    21.78    35.70        -1.55    21.78    35.70     0.000
  -40.79   -18.72   -30.53       -40.79   -18.72   -30.53     0.000
   -9.62   -29.37   -28.67        -9.62   -29.37   -28.67     0.000
  -21.76   -27.82   -12.44       -21.76   -27.82   -12.44     0.000
   -4.84    13.36    51.80        -4.84    13.36    51.80     0.000
   13.83    -5.55    55.72        13.83    -5.55    55.72     0.000
   36.23    -2.69    -6.14        36.23    -2.68    -6.14     0.000
  -16.33    10.84   -33.29       -16.33    10.84   -33.29     0.000
   -2.26    -7.54   -33.82        -2.26    -7.54   -33.82     0.000
    4.03    18.55    61.98         4.03    18.55    61.98     0.000
    1.63    -1.34   -24.43         1.63    -1.34   -24.43     0.000
    7.55    24.49    17.35         7.55    24.49    17.35     0.000
   -1.51   -13.69   -36.88        -1.51   -13.69   -36.88     0.000
   -6.15     2.20    61.04        -6.15     2.20    61.04     0.000
   11.56   -15.32     0.16        11.56   -15.32     0.16     0.000
  -28.79   -11.18   -47.69       -28.79   -11.18   -47.69     0.000
  -28.09   -29.81   -35.24       -28.09   -29.81   -35.24     0.000
   -3.54    -4.07    51.13        -3.54    -4.07    51.13     0.000
  -24.51   -27.14   -40.53       -24.51   -27.14   -40.53     0.000
  -13.14   -22.35    -9.42       -13.14   -22.35    -9.42     0.000
   12.28    17.38   -13.93        12.28    17.38   -13.93     0.000
   39.59     2.23    -8.96        39.59     2.23    -8.96     0.000
  -20.81    -3.44   -47.70       -20.81    -3.44   -47.70     0.000
  -39.13    -5.64   -39.37       -39.13    -5.64   -39.37     0.000
   -9.05     7.15   -31.42        -9.05     7.15   -31.42     0.000
  -28.86     2.50   -42.67       -28.86     2.50   -42.67     0.000
   18.17    17.23    52.74        18.17    17.23    52.74     0.000
   20.90    13.32    52.79        20.90    13.32    52.79     0.000
   25.70   -13.22   -17.98        25.70   -13.22   -17.98     0.000
  -14.57   -23.69    -9.95       -14.57   -23.69    -9.95     0.000
    6.58   -15.25    -3.76         6.58   -15.25    -3.76     0.000
   -1.69   -17.17   -36.45        -1.69   -17.17   -36.45     0.000
  -27.18    -5.73   -48.12       -27.18    -5.73   -48.12     0.000
  -28.98   -31.24   -23.91       -28.98   -31.24   -23.91     0.000
   12.58    16.11   -12.90        12.58    16.11   -12.90     0.000
    7.27    -6.81    35.75         7.27    -6.81    35.75     0.000
  -15.56    18.91    29.83       -15.56    18.91    29.83     0.000
   14.02     9.38   -16.18        14.02     9.38   -16.18     0.000
    0.82    20.11     6.87         0.82    20.11     6.87     0.000
   13.51    20.34    56.71        13.51    20.34    56.71     0.000
    0.86    -1.11   -24.79         0.86    -1.11   -24.79     0.000
  -13.05     2.73     9.31       -13.05     2.73     9.31     0.000
  -21.44   -25.80   -42.67       -21.44   -25.80   -42.67     0.000
   -4.33     0.79   -29.94        -4.33     0.79   -29.94     0.000
  -39.25   -21.74   -32.46       -39.25   -21.74   -32.46     0.000
   28.59    11.12    20.57        28.59    11.12    20.57     0.000
   -0.45    -8.94    23.83        -0.45    -8.94    23.83     0.000
   -5.28    -7.69   -42.33        -5.28    -7.69   -42.33     0.000
   -0.34     8.24   -16.16        -0.34     8.24   -16.16     0.000
  -25.81     7.74   -38.34       -25.81     7.74   -38.34     0.000
  -37.28   -24.33   -19.51       -37.28   -24.33   -19.51     0.000
    7.64    -6.85    47.15         7.64    -6.85    47.15     0.000
   -2.27    -6.75   -32.76        -2.27    -6.75   -32.76     0.000
   30.05    20.97     0.11        30.05    20.97     0.11     0.000
    4.33   -12.88     3.21         4.33   -12.88     3.21     0.000
   10.03    -2.19    63.34        10.03    -2.19    63.34     0.000
   24.89     9.89   -30.35        24.89     9.89   -30.35     0.000
  -33.38   -28.00   -20.25       -33.38   -28.00   -20.25     0.000
  -11.09   -14.57   -46.59       -11.09   -14.57   -46.59     0.000
  -10.34     6.99    -6.31       -10.34     6.99    -6.31     0.000
   14.93    23.92   -21.80        14.93    23.92   -21.80     0.000
  -22.91    12.16   -25.97       -22.91    12.16   -25.97     0.000
    7.87    -6.75    44.58         7.87    -6.75    44.58     0.000
  -33.75   -19.88   -10.20       -33.75   -19.89   -10.20     0.000
   -5.24    17.71    42.88        -5.24    17.71    42.88     0.000
   16.54    -3.66    58.66        16.54    -3.66    58.66     0.000
  -26.90   -20.88    -7.11       -26.90   -20.88    -7.11     0.000
   17.60    19.97    42.45        17.60    19.97    42.45     0.000
   18.91    20.57    34.80        18.91    20.57    34.80     0.000
   18.88    26.47     2.37        18.88    26.47     2.37     0.000
  -16.43    16.13    22.44       -16.43    16.13    22.44     0.000
  -31.97    -6.22    -8.67       -31.97    -6.22    -8.67     0.000
   -3.05    18.67    43.49        -3.05    18.67    43.49     0.000
  -16.89    -7.94    -0.37       -16.89    -7.94    -0.37     0.000
  -39.07    -3.57   -38.42       -39.07    -3.57   -38.42     0.000
  -12.72     2.04   -43.33       -12.72     2.04   -43.33     0.000
   24.87    -3.49    22.58        24.87    -3.49    22.58     0.000
    3.95    23.50    24.38         3.95    23.50    24.38     0.000
   21.34     3.56    55.35        21.34     3.56    55.35     0.000
  -15.60    11.44   -23.47       -15.60    11.44   -23.47     0.000
  -39.38    -6.77   -13.20       -39.38    -6.77   -13.20     0.000
   15.66    22.33    31.02        15.66    22.33    31.02     0.000
    1.23    20.40    41.65         1.23    20.40    41.65     0.000
  -11.46   -28.43   -35.91       -11.46   -28.43   -35.91     0.000
  -15.91     9.44   -18.93       -15.91     9.44   -18.93     0.000
  -10.29   -25.48   -14.15       -10.29   -25.48   -14.15     0.000
   39.94     6.87    -0.04        39.94     6.87    -0.04     0.000
   30.03    19.56   -19.27        30.03    19.56   -19.27     0.000
   -6.92    17.69    13.09        -6.92    17.69    13.09     0.000
   22.51   -10.39   -22.43        22.51   -10.39   -22.43     0.000
  -12.81    21.85    31.78       -12.81    21.85    31.78     0.000
  -39.93    -8.09   -38.53       -39.93    -8.09   -38.53     0.000
  -41.18    -4.27   -34.26       -41.18    -4.27   -34.26     0.000
   35.12    13.62   -14.34        35.12    13.62   -14.34     0.000
   -6.75     4.19    45.56        -6.75     4.19    45.56     0.000
   17.52    20.63   -29.29        17.52    20.63   -29.29     0.000
   -4.75    15.48    46.47        -4.75    15.48    46.47     0.000
   22.79     2.69    44.74        22.79     2.69    44.74     0.000
   38.28    -0.48     4.59        38.28    -0.48     4.59     0.000
    0.04    15.13     1.15         0.04    15.13     1.15     0.000
  -27.41     0.80   -12.45       -27.41     0.80   -12.45     0.000
  -43.63    -5.22   -26.68       -43.63    -5.22   -26.68     0.000
   -7.71     2.89    30.46        -7.71     2.89    30.46     0.000
  -40.20     1.62   -26.15       -40.20     1.62   -26.15     0.000
   -6.30    -8.18    16.04        -6.30    -8.18    16.04     0.000
  -29.63    10.04   -22.47       -29.63    10.04   -22.47     0.000
  -35.50    -1.12   -41.73       -35.50    -1.12   -41.73     0.000
  -22.78     6.27   -41.10       -22.78     6.27   -41.10     0.000
   12.31    21.55   -16.05        12.31    21.55   -16.05     0.000
   -5.14     6.54   -23.19        -5.14     6.54   -23.19     0.000
   33.89     4.94   -22.97        33.89     4.94   -22.97     0.000
  -14.09     6.91   -13.74       -14.09     6.91   -13.74     0.000
   -0.13    -6.37    57.14        -0.13    -6.37    57.14     0.000
  -42.53   -16.17   -28.74       -42.53   -16.17   -28.74     0.000
   22.76    16.99   -28.79        22.76    16.99   -28.79     0.000
    7.48    20.33    54.12         7.48    20.33    54.12     0.000
    5.34   -15.90   -19.13         5.34   -15.90   -19.13     0.000
   11.20    19.43   -13.89        11.20    19.43   -13.89     0.000
  -19.26     6.71   -14.94       -19.26     6.71   -14.94     0.000
   25.05     7.28   -30.36        25.05     7.28   -30.36     0.000
  -16.10    17.46    22.72       -16.10    17.46    22.72     0.000
   16.62    21.20    39.71        16.62    21.20    39.71     0.000
   10.93    24.18    -7.03        10.93    24.18    -7.03     0.000
   33.23     4.01   -23.90        33.23     4.01   -23.90     0.000
   11.02    26.16     9.87        11.02    26.16     9.87     0.000
  -37.82   -10.94   -10.73       -37.82   -10.94   -10.73     0.000
  -17.26   -24.97   -10.50       -17.26   -24.97   -10.50     0.000
   27.02    12.32    24.01        27.02    12.32    24.01     0.000
   31.71    12.29    13.81        31.71    12.29    13.81     0.000
   -3.43    -4.02   -34.82        -3.43    -4.02   -34.82     0.000
   -6.38   -19.56    -9.77        -6.38   -19.56    -9.77     0.000
  -32.99   -16.37   -44.95       -32.99   -16.37   -44.95     0.000
   25.12    18.10    20.40        25.12    18.10    20.40     0.000
  -20.50    -7.87    -3.41       -20.50    -7.87    -3.41     0.000
  -36.27     0.07   -13.83       -36.27     0.07   -13.83     0.000
   21.15    14.49    46.35        21.15    14.49    46.35     0.000
   34.71     7.13   -21.11        34.71     7.13   -21.11     0.000
  -14.68     6.09   -40.85       -14.68     6.09   -40.85     0.000
   31.44    10.75   -25.81        31.44    10.75   -25.81     0.000
   28.48     8.95   -29.90        28.48     8.95   -29.90     0.000
  -25.46   -29.70   -36.88       -25.46   -29.70   -36.88     0.000
   15.31   -12.29   -18.45        15.31   -12.29   -18.45     0.000
