200 PA4-F-Debug-Output.txt 0
   -5.02    21.96    15.99        -5.05    22.06    15.92     0.123
   -3.01    -4.33   -32.94        -3.13    -4.35   -32.92     0.121
  -16.62     2.21    -4.11       -16.57     2.14    -4.11     0.088
   22.60    16.24    32.27        22.76    16.33    32.30     0.191
   -6.81     3.18    41.37        -6.72     3.20    41.37     0.093
   37.11    -1.29    -0.50        37.22    -1.39    -0.51     0.146
   -6.68    11.02    43.58        -6.77    11.03    43.59     0.093
   -6.77     0.76    34.90        -6.89     0.75    34.92     0.120
   -7.04     9.37    -1.36        -6.90     9.17    -1.34     0.246
   -6.09    17.26    12.46        -6.21    17.30    12.36     0.162
   -5.77    10.94    57.71        -5.79    10.95    57.71     0.024
  -15.82    20.34    25.46       -15.76    20.32    25.45     0.063
    3.68    23.79     9.55         3.72    23.72     9.59     0.096
   -4.39    11.08    -0.20        -4.43    11.13    -0.21     0.067
   12.75    25.13    13.97        12.74    25.23    13.99     0.101
   -5.98    -1.11    41.83        -5.81    -1.05    41.82     0.183
    9.18    24.47    -3.27         9.26    24.35    -3.27     0.138
  -42.32    -1.87   -25.48       -42.35    -1.86   -25.48     0.030
   -6.79   -12.76     0.92        -6.78   -12.69     0.89     0.073
  -21.44   -30.76   -16.75       -21.44   -30.80   -16.71     0.059
  -29.71   -20.15    -7.83       -29.70   -20.15    -7.85     0.016
   -5.07     6.01   -24.01        -5.07     6.00   -24.01     0.003
   29.89    -7.42   -23.41        29.89    -7.42   -23.41     0.001
  -11.90   -29.71   -20.90       -11.86   -29.79   -20.88     0.087
   36.56     1.06    10.21        36.66     1.05    10.29     0.123
   16.84    -3.69    56.46        16.76    -3.61    56.45     0.115
    8.65    -2.53    63.36         8.65    -2.53    63.39     0.036
  -42.72    -2.76   -26.97       -42.73    -2.75   -26.97     0.009
  -35.46   -25.48   -34.43       -35.49   -25.51   -34.44     0.044
   -4.90   -26.39   -24.53        -4.94   -26.34   -24.53     0.061
   16.29    25.46   -12.15        16.27    25.54   -12.16     0.082
   -0.09   -10.61    15.73        -0.08   -10.42    15.68     0.191
   -4.66    -3.58    41.67        -4.53    -3.48    41.68     0.169
  -13.95     3.11   -43.02       -13.94     3.12   -43.03     0.012
   -9.73    -4.56    12.65        -9.94    -4.67    12.71     0.242
  -39.34   -18.81   -35.08       -39.40   -18.83   -35.11     0.071
    2.95     9.01   -13.98         2.96     9.06   -14.00     0.057
   -5.45   -23.46   -36.29        -5.46   -23.45   -36.28     0.025
    3.63   -11.83     9.87         3.62   -11.92     9.90     0.100
   -2.22    -2.26   -28.88        -2.15    -2.22   -28.93     0.101
    1.16     8.58   -14.70         1.16     8.69   -14.75     0.119
   22.42    -8.95     5.54        22.41    -8.87     5.51     0.080
    2.99   -16.64   -22.23         2.99   -16.64   -22.23     0.006
    0.85    23.60    14.41         0.86    23.50    14.43     0.099
   12.13     8.50    63.01        12.13     8.50    63.03     0.016
   19.21    20.50    35.24        19.11    20.37    35.23     0.165
   -1.49   -22.32   -26.96        -1.51   -22.31   -26.96     0.016
   10.50    21.70   -10.75        10.57    21.68   -10.71     0.083
    0.55    -3.49   -26.57         0.58    -3.48   -26.61     0.048
  -37.98     3.45   -21.09       -37.94     3.41   -21.11     0.060
   14.67    24.04   -19.96        14.76    23.89   -19.95     0.176
   -8.15    23.80    32.37        -8.15    23.82    32.38     0.025
   14.35    26.72     7.43        14.34    26.59     7.41     0.129
    7.21    20.16    57.52         7.24    20.06    57.51     0.107
   -8.01    -9.75     6.22        -8.02    -9.77     6.23     0.025
   28.47    22.18   -11.41        28.40    22.06   -11.41     0.136
  -20.29   -30.72   -16.60       -20.30   -30.79   -16.55     0.086
   -2.97    -7.35    29.64        -2.97    -7.31    29.63     0.044
   -3.62    17.34     9.53        -3.56    17.30     9.58     0.092
  -10.70   -30.22   -27.15       -10.70   -30.22   -27.15     0.003
   -7.51     6.28   -27.62        -7.56     6.22   -27.61     0.078
  -18.77   -16.87    -5.85       -18.77   -16.86    -5.87     0.021
   25.68     3.38   -29.66        25.68     3.38   -29.65     0.011
  -36.95     0.97   -15.05       -36.91     0.95   -15.09     0.060
  -24.74     5.27   -41.76       -24.74     5.28   -41.77     0.014
   -2.84    -9.82    16.22        -2.88    -9.92    16.23     0.106
  -11.42   -25.43   -40.60       -11.45   -25.39   -40.55     0.072
  -13.27     0.18     9.04       -13.29     0.18     9.05     0.027
   -9.40   -26.65   -36.76        -9.38   -26.67   -36.77     0.035
    1.94   -12.98     1.66         1.95   -12.87     1.64     0.113
    0.80     2.96   -22.86         0.78     2.94   -22.84     0.028
  -19.78   -26.48   -10.88       -19.78   -26.48   -10.88     0.004
   18.89    15.54    53.99        19.05    15.66    54.03     0.203
   11.15    26.14    10.59        11.17    26.05    10.56     0.096
    4.74    -5.30   -24.10         4.74    -5.30   -24.11     0.005
   25.84     3.91    31.69        25.85     3.91    31.69     0.015
   37.88     0.89     8.73        37.84     0.90     8.69     0.057
   22.93    24.91    -8.24        22.94    24.95    -8.25     0.038
   25.58    20.36   -23.90        25.56    20.34   -23.89     0.032
  -16.38    16.45    23.44       -16.51    16.43    23.43     0.139
   12.15    -7.96    18.47        12.08    -7.70    18.43     0.275
  -29.48   -27.98   -37.30       -29.54   -28.10   -37.37     0.145
  -10.18    13.88    14.26       -10.22    13.88    14.23     0.053
   -7.11   -25.36   -17.24        -7.12   -25.35   -17.24     0.015
   15.65    25.37    11.69        15.66    25.45    11.71     0.079
   21.80    25.51     2.57        21.80    25.50     2.56     0.010
   33.77    -4.83   -20.27        33.81    -4.85   -20.28     0.052
  -39.94    -2.58   -36.21       -39.90    -2.59   -36.19     0.042
   29.42    11.40   -27.76        29.44    11.41   -27.79     0.031
   35.85    10.29   -15.60        35.84    10.28   -15.60     0.015
   13.90    21.77   -29.06        13.90    21.76   -29.05     0.009
   -0.75    19.84     8.93        -0.78    19.87     8.91     0.055
   -4.52    -7.58    23.64        -4.60    -7.71    23.67     0.156
  -21.22   -15.24   -48.38       -21.22   -15.23   -48.36     0.018
   -3.85    24.72    27.45        -3.89    24.54    27.41     0.186
   38.86     0.29    -8.01        38.86     0.30    -8.01     0.004
   -7.01     7.44    44.78        -6.98     7.44    44.78     0.030
    0.15    19.52    44.07         0.12    19.63    44.11     0.115
  -13.46     6.36   -11.03       -13.46     6.36   -11.03     0.007
   27.82    -2.75    18.97        27.76    -2.70    18.92     0.090
   12.60     8.50    63.00        12.60     8.50    63.03     0.035
  -33.35   -15.11   -45.54       -33.34   -15.09   -45.50     0.049
   21.10    -5.01    24.23        21.12    -5.05    24.24     0.051
    9.38    22.82    -6.46         9.35    22.84    -6.48     0.035
  -28.25     8.53   -35.54       -28.24     8.52   -35.53     0.020
   -4.04    -4.80    35.80        -4.12    -4.87    35.80     0.100
   35.78     0.98   -18.04        35.91     0.99   -18.08     0.139
  -12.98    -4.48     6.95       -12.99    -4.49     6.96     0.014
  -10.11    -1.49    16.49       -10.01    -1.47    16.47     0.101
  -28.27   -29.63   -17.88       -28.28   -29.64   -17.87     0.017
   -1.35    -1.94   -27.38        -1.28    -1.90   -27.43     0.100
   27.81    22.31   -11.33        27.87    22.41   -11.34     0.115
   -6.49   -24.21   -36.79        -6.49   -24.21   -36.80     0.008
   -3.86    23.10    32.99        -3.86    23.07    32.98     0.026
   -5.74   -22.88   -14.25        -5.80   -22.80   -14.30     0.112
   14.42    20.22    53.60        14.45    20.25    53.61     0.043
   11.60    -5.79    62.29        11.65    -5.90    62.39     0.150
    3.21    10.71   -10.46         3.17    10.82   -10.50     0.130
   29.66    21.03     0.90        29.78    21.19     0.90     0.195
   -2.10    -5.78    42.79        -2.09    -5.75    42.79     0.035
  -31.15     7.08   -16.77       -31.18     7.13   -16.75     0.061
   15.51    -6.28    25.44        15.52    -6.36    25.45     0.089
  -12.75   -23.60   -10.64       -12.78   -23.56   -10.67     0.049
  -16.15   -13.74   -48.48       -16.15   -13.75   -48.44     0.045
   -5.60    -1.85    39.27        -5.78    -1.88    39.29     0.185
  -11.71   -29.38   -19.31       -11.75   -29.31   -19.33     0.075
   -3.55   -16.84   -39.42        -3.51   -16.86   -39.46     0.058
  -17.40     1.26    -3.38       -17.37     1.23    -3.39     0.043
  -12.83   -28.02   -37.92       -12.82   -28.05   -37.94     0.035
   -5.39    -5.16    28.14        -5.49    -5.26    28.14     0.142
  -41.78   -18.38   -23.02       -41.81   -18.39   -23.02     0.026
  -18.44   -32.26   -23.91       -18.44   -32.28   -23.91     0.027
   24.88   -11.40   -21.41        24.90   -11.45   -21.45     0.064
   -2.95    -4.33    52.73        -2.99    -4.37    52.72     0.062
   21.06    17.70   -29.30        21.09    17.73   -29.35     0.059
    6.43    -6.83    41.61         6.43    -6.84    41.61     0.015
  -16.41    16.97    21.55       -16.27    16.91    21.56     0.155
  -29.81   -29.58   -34.04       -29.83   -29.62   -34.06     0.048
   21.90    23.90   -23.34        21.86    23.85   -23.30     0.071
  -20.62   -12.92   -48.25       -20.61   -12.72   -48.23     0.201
  -37.56     0.15   -38.13       -37.52     0.12   -38.10     0.056
   21.84     9.71    55.38        21.80     9.71    55.38     0.045
   -1.94    19.83    10.01        -1.87    19.75    10.07     0.130
   26.96     3.48   -30.13        26.98     3.47   -30.08     0.055
   -0.15   -11.15   -31.03        -0.09   -11.14   -31.05     0.059
    7.91     3.35    63.12         7.91     3.35    63.14     0.022
  -43.19   -15.37   -25.56       -43.24   -15.39   -25.56     0.051
    0.08   -15.50    -4.99         0.10   -15.60    -4.93     0.123
   35.14     0.29   -20.86        35.13     0.29   -20.85     0.015
   20.37    13.16    56.33        20.62    13.24    56.34     0.264
   10.96    -0.45   -21.43        10.97    -0.48   -21.38     0.054
  -38.94   -22.77   -20.76       -38.95   -22.78   -20.76     0.017
    1.05    21.24     8.59         0.96    21.33     8.54     0.135
   -0.33    19.70    43.59        -0.34    19.72    43.60     0.029
  -38.04   -21.08   -16.20       -38.07   -21.10   -16.18     0.044
  -36.77   -13.70   -10.28       -36.77   -13.70   -10.28     0.001
   -4.42     4.93   -24.93        -4.42     4.93   -24.93     0.001
   18.43    17.39   -30.65        18.43    17.39   -30.64     0.012
   17.30   -10.00   -20.66        17.30   -10.00   -20.66     0.003
   -2.63   -10.00    14.76        -2.69   -10.14    14.78     0.146
   18.93    25.54   -20.80        18.93    25.50   -20.80     0.040
    5.65    19.45    57.05         5.63    19.50    57.05     0.057
  -16.07   -31.87   -31.50       -16.13   -31.67   -31.46     0.214
  -38.30   -16.27   -12.88       -38.35   -16.29   -12.84     0.075
   28.69     3.95    22.23        28.75     3.94    22.25     0.068
   -4.52    -3.34    61.99        -4.40    -3.23    62.01     0.160
  -44.01   -11.86   -25.05       -44.04   -11.87   -25.04     0.035
  -30.98   -29.85   -31.45       -30.99   -29.86   -31.45     0.012
   23.49    -0.56    35.18        23.39    -0.51    35.15     0.114
  -31.59     3.28   -13.88       -31.59     3.28   -13.88     0.001
   39.45     2.93     5.98        39.40     2.93     5.97     0.055
   13.65     6.89   -16.97        13.69     6.87   -16.94     0.045
  -16.97   -28.58   -14.60       -16.97   -28.60   -14.59     0.022
    7.56    24.21     1.23         7.54    24.24     1.22     0.040
   13.56    10.74    63.08        13.55    10.74    63.14     0.060
   10.85    22.62    -9.32        10.71    22.74    -9.38     0.196
   32.11    18.66   -13.55        32.07    18.63   -13.54     0.052
   17.40    -6.24    24.80        17.39    -6.15    24.80     0.101
   -4.22    13.41    60.87        -4.14    13.36    60.86     0.100
  -12.48   -11.56     0.23       -12.44   -11.51     0.18     0.083
  -25.40   -18.10    -6.78       -25.41   -18.10    -6.76     0.023
   -4.64   -19.69   -38.87        -4.57   -19.72   -38.92     0.090
   26.12    10.34   -30.05        26.12    10.33   -30.03     0.021
   11.53    22.93    28.00        11.53    22.98    28.01     0.053
   -7.62     8.53    -2.00        -7.63     8.55    -2.00     0.025
  -23.82     7.92   -38.81       -23.84     7.99   -38.85     0.083
   10.88   -16.42    -9.91        10.88   -16.41    -9.91     0.007
  -16.40     5.09   -11.22       -16.40     5.07   -11.23     0.027
   31.63    14.71    12.81        31.51    14.66    12.72     0.154
    9.54    15.40    63.17         9.54    15.40    63.18     0.011
   11.43    -8.70    14.45        11.46    -8.78    14.48     0.093
   -6.73    -9.15   -43.95        -6.63    -9.14   -44.05     0.144
   34.63    -4.16    -2.81        34.56    -4.09    -2.81     0.095
   24.80    11.52    33.08        24.81    11.52    33.08     0.008
   13.15    14.80   -26.23        13.12    14.79   -26.23     0.034
   25.89    -0.02   -28.94        25.92     0.02   -28.85     0.109
   -3.66   -16.58   -39.68        -3.63   -16.60   -39.71     0.050
   -7.09     5.47    59.68        -7.09     5.47    59.68     0.001
    0.46    21.52    10.37         0.45    21.53    10.37     0.015
  -27.55     7.09   -38.42       -27.54     7.06   -38.40     0.044
