200 PA4-E-Debug-Output.txt 0
  -10.05   -25.71   -39.04       -10.07   -25.68   -39.01     0.043
   -8.47   -28.98   -26.39        -8.49   -28.96   -26.39     0.032
  -29.95    10.16   -24.86       -29.94    10.14   -24.86     0.017
  -38.68    -9.69   -41.24       -38.73    -9.70   -41.28     0.066
   -8.56    24.57    28.94        -8.56    24.64    28.97     0.069
   21.83    24.77     7.05        21.81    24.73     7.04     0.046
  -35.94     3.67   -35.12       -36.00     3.73   -35.14     0.085
    3.43     9.91    63.35         3.43     9.90    63.34     0.008
    3.17    -3.02   -24.36         3.18    -3.00   -24.39     0.038
   21.30    -0.77    44.45        21.30    -0.77    44.45     0.003
   -2.53   -11.63   -39.09        -2.51   -11.63   -39.11     0.027
   -2.65    16.30    48.86        -2.66    16.31    48.87     0.021
    2.58   -14.08   -25.64         2.56   -14.07   -25.63     0.025
   11.73    22.39    33.47        11.73    22.33    33.46     0.065
   32.89    -7.49   -12.71        32.94    -7.53   -12.70     0.066
   12.24   -13.71     3.07        12.24   -13.71     3.07     0.001
   31.05    16.98   -21.16        30.96    16.93   -21.13     0.108
  -28.07     7.43   -16.03       -28.07     7.46   -15.98     0.051
   14.71    25.28    12.94        14.70    25.23    12.93     0.049
  -25.47     8.51   -37.12       -25.49     8.58   -37.18     0.102
  -31.24   -18.35    -8.08       -31.22   -18.34    -8.11     0.042
  -21.08   -27.52   -40.89       -21.07   -27.50   -40.87     0.025
  -12.79     5.01    -0.27       -12.86     5.11    -0.26     0.126
   25.92    18.69    17.52        25.82    18.61    17.49     0.126
  -20.10   -31.21   -17.08       -20.09   -31.22   -17.07     0.009
   29.77    15.45    14.51        29.77    15.46    14.51     0.003
   20.29    -5.15    27.84        20.19    -4.95    27.81     0.226
    5.70    22.54    31.18         5.70    22.34    31.13     0.207
  -19.99   -32.21   -32.08       -19.96   -32.33   -32.11     0.122
   -3.17   -17.66    -7.88        -3.18   -17.62    -7.89     0.045
  -31.76   -28.04   -17.61       -31.77   -28.08   -17.60     0.036
   -0.62   -10.07   -31.99        -0.67   -10.10   -31.96     0.060
  -29.58     7.02   -15.56       -29.58     6.97   -15.61     0.063
   29.53    21.33    -4.68        29.47    21.26    -4.68     0.090
   34.95    -4.12   -17.92        35.01    -4.14   -17.94     0.062
   32.60    -4.27    11.29        32.60    -4.27    11.29     0.004
  -29.75   -28.56   -16.41       -29.74   -28.55   -16.41     0.007
   -5.21   -25.32   -32.08        -5.25   -25.28   -32.06     0.057
  -40.06     1.77   -27.52       -40.03     1.75   -27.52     0.035
   11.75    21.04    55.44        11.74    20.69    55.39     0.361
   20.89    24.99   -19.68        20.89    24.99   -19.68     0.003
  -30.48     5.94   -38.81       -30.45     5.87   -38.77     0.087
   39.07     3.98   -10.48        39.10     3.99   -10.49     0.032
   -5.82     1.93   -32.73        -5.81     1.94   -32.73     0.007
    5.61     7.23    63.33         5.61     7.23    63.28     0.048
  -12.07    14.89    16.74       -12.03    14.90    16.80     0.076
   22.08    -6.72    14.37        22.02    -6.52    14.32     0.213
   -7.60   -10.13     5.26        -7.67   -10.29     5.35     0.204
  -21.36     6.72   -40.50       -21.36     6.69   -40.48     0.033
  -40.36   -18.93   -18.19       -40.37   -18.94   -18.19     0.008
   -1.47     5.18   -22.21        -1.48     5.17   -22.20     0.017
   16.93    17.39   -30.92        16.91    17.39   -30.87     0.059
   33.41    -6.60   -17.72        33.32    -6.53   -17.70     0.112
   13.89    -4.34    62.55        13.90    -4.34    62.55     0.001
  -25.27   -22.68    -8.10       -25.28   -22.72    -8.06     0.047
   -1.06   -21.46   -20.86        -1.02   -21.50   -20.85     0.062
   -9.06     7.50    -6.94        -9.07     7.52    -6.94     0.029
  -26.15   -16.88   -47.41       -26.16   -16.89   -47.43     0.024
   26.38   -12.12    -4.32        26.39   -12.12    -4.32     0.005
   -2.46   -12.83     1.36        -2.47   -12.90     1.39     0.074
   -1.15    -6.70    35.12        -1.16    -6.72    35.13     0.014
   33.61    14.32    10.55        33.54    14.28    10.52     0.088
   23.97   -10.02   -23.09        23.98   -10.05   -23.13     0.049
   14.66    14.50   -29.61        14.70    14.55   -29.50     0.120
  -10.91   -27.00   -37.74       -10.85   -27.08   -37.80     0.110
   -4.03   -17.74    -7.81        -4.03   -17.68    -7.84     0.064
   -1.99    -5.57    62.65        -1.93    -5.46    62.61     0.127
   31.22    11.54    15.03        31.25    11.55    15.04     0.038
   21.64     2.06    50.53        21.66     2.06    50.53     0.022
   -2.79   -11.11   -39.42        -2.73   -11.12   -39.47     0.080
    7.90     3.80    63.12         7.90     3.80    63.12     0.005
   19.89    23.05   -25.98        19.87    22.99   -25.94     0.075
  -30.15     3.32   -13.77       -30.14     3.33   -13.69     0.073
  -31.43   -21.09    -9.22       -31.45   -21.12    -9.17     0.057
   13.37    16.06    63.07        13.37    16.06    63.07     0.004
    9.14    11.53    63.14         9.14    11.53    63.18     0.046
   -4.17   -12.94     1.53        -4.17   -12.82     1.49     0.132
   -6.24   -21.71   -39.19        -6.25   -21.70   -39.18     0.020
  -28.45   -18.70    -7.26       -28.45   -18.70    -7.23     0.028
   22.02    22.24    16.24        22.03    22.27    16.25     0.035
    0.30    -5.28    63.47         0.30    -5.28    63.49     0.015
   34.26     1.48    13.10        34.21     1.48    13.06     0.062
  -18.08   -23.46    -9.22       -18.07   -23.47    -9.20     0.023
   17.91   -16.80   -13.23        17.93   -16.70   -13.19     0.106
   -6.68    23.84    19.81        -6.68    23.91    19.79     0.075
   -6.64     9.39    53.64        -6.41     9.33    53.65     0.242
  -11.41     6.61     6.89       -11.30     6.53     6.88     0.141
   10.22    -6.81    58.07        10.20    -6.75    58.06     0.059
   -8.41    -1.58    23.31        -8.54    -1.60    23.34     0.130
    5.50   -16.78   -13.63         5.49   -16.76   -13.63     0.017
   21.91   -15.46   -16.19        21.87   -15.34   -16.14     0.136
   20.82    14.08    49.94        20.87    14.12    49.95     0.065
   29.84    10.70    18.82        29.61    10.62    18.69     0.269
   -5.13     2.38   -29.53        -5.11     2.39   -29.54     0.019
  -34.74     4.87   -16.83       -34.73     4.85   -16.84     0.022
  -38.09     1.42   -35.56       -38.05     1.39   -35.54     0.045
   18.98    16.36    51.45        19.06    16.43    51.47     0.111
  -39.79   -13.10   -34.60       -39.73   -13.12   -34.61     0.071
  -30.75     9.64   -23.14       -30.79     9.74   -23.14     0.110
    0.05     5.44   -20.72         0.07     5.48   -20.75     0.053
   35.97    14.29     0.04        36.05    14.34     0.03     0.099
   11.01    -6.21    48.86        11.04    -6.38    48.87     0.173
   25.90   -11.12    -1.77        25.91   -11.21    -1.74     0.090
   -5.71    -3.07    35.63        -5.74    -3.09    35.63     0.041
   -7.62    24.24    30.08        -7.62    24.26    30.09     0.023
  -18.10   -26.41   -41.98       -18.09   -26.45   -42.01     0.051
  -17.75     4.88   -11.82       -17.75     4.87   -11.83     0.020
    2.94    19.21    49.71         2.93    19.28    49.72     0.070
    4.14    23.67    22.77         4.14    23.68    22.77     0.014
   16.87    19.11    48.72        16.84    19.08    48.72     0.037
  -31.82   -27.70   -17.04       -31.86   -27.79   -17.01     0.100
  -32.54   -18.55   -44.11       -32.59   -18.57   -44.17     0.076
   35.73    13.84     7.55        35.73    13.85     7.55     0.007
  -22.70    10.83   -34.22       -22.68    10.74   -34.19     0.093
  -12.98   -14.71   -47.29       -12.98   -14.71   -47.28     0.011
   23.05     6.06   -30.05        23.04     6.06   -30.06     0.016
   16.52    22.12    33.09        16.52    22.12    33.10     0.003
   23.15   -14.74    -7.15        23.15   -14.74    -7.15     0.003
    0.84   -16.03   -28.12         0.81   -16.03   -28.11     0.035
   11.78    20.23   -22.24        11.80    20.22   -22.24     0.028
   -6.38    -8.49    13.52        -6.44    -8.57    13.54     0.099
   -9.41   -28.58   -20.81        -9.44   -28.51   -20.83     0.073
  -40.76   -16.71   -17.07       -40.75   -16.71   -17.07     0.007
   15.55     0.35   -21.65        15.56     0.35   -21.62     0.039
  -43.20   -14.06   -26.92       -43.23   -14.06   -26.94     0.039
   -3.38    -3.96    52.47        -3.35    -3.94    52.46     0.039
   -3.07    11.97    -0.81        -3.06    11.95    -0.80     0.021
   14.68    -0.57   -21.70        14.68    -0.55   -21.72     0.026
   -6.74     6.49    60.45        -7.05     6.51    60.45     0.315
   -8.15    23.29    18.82        -8.14    23.21    18.88     0.097
  -34.78   -17.29    -9.45       -34.71   -17.24    -9.51     0.108
  -24.45   -32.59   -23.33       -24.45   -32.54   -23.34     0.058
  -34.27     7.56   -28.80       -34.24     7.52   -28.79     0.055
   -0.55   -12.51     2.49        -0.55   -12.58     2.50     0.064
   35.75    -1.35    10.60        35.74    -1.34    10.58     0.026
    9.83   -15.28   -14.75         9.81   -15.15   -14.72     0.135
  -33.11     0.93   -41.67       -33.11     0.93   -41.66     0.009
  -25.82   -27.05   -40.46       -25.81   -27.03   -40.45     0.024
   38.13    11.35    -1.64        38.20    11.39    -1.64     0.091
  -19.06   -20.91   -46.57       -19.05   -20.93   -46.62     0.055
  -28.95   -29.17   -17.26       -28.96   -29.19   -17.25     0.012
  -19.04     0.26   -46.08       -19.04     0.24   -46.06     0.029
   23.54    22.81   -22.99        23.56    22.85   -23.01     0.052
  -10.99    -8.07     5.77       -11.00    -8.08     5.78     0.015
   -2.25   -15.86   -38.14        -2.25   -15.85   -38.14     0.002
    1.94     9.10   -13.96         1.94     9.09   -13.96     0.007
   -9.50     8.10   -12.79        -9.50     8.06   -12.79     0.040
    1.49    -7.03    62.31         1.49    -7.04    62.31     0.007
   37.92     5.56   -12.53        37.88     5.55   -12.51     0.046
    1.74   -13.40   -26.61         1.79   -13.40   -26.66     0.068
   32.01    18.07     8.01        32.04    18.10     8.02     0.049
  -34.88     4.69   -16.69       -34.87     4.67   -16.70     0.020
    7.47    24.51    17.58         7.47    24.46    17.57     0.050
   -4.88    -2.52    56.78        -4.84    -2.49    56.78     0.055
   -7.05    -0.50    31.36        -7.05    -0.50    31.36     0.003
  -27.90   -26.97   -12.36       -27.89   -26.95   -12.37     0.019
   20.50   -14.61    -3.67        20.50   -14.62    -3.66     0.011
  -35.59     6.17   -29.94       -35.64     6.21   -29.95     0.064
  -42.07    -7.98   -31.34       -42.11    -8.00   -31.37     0.053
   -9.62   -25.49   -14.66        -9.63   -25.47   -14.67     0.023
    2.15    -7.19   -26.31         2.20    -7.18   -26.36     0.072
   -4.20     0.48    63.16        -4.20     0.48    63.21     0.045
    0.39    -6.77    55.60         0.42    -6.69    55.60     0.081
   22.70    -4.42    23.68        22.67    -4.37    23.67     0.058
   -6.85     5.14    48.54        -6.94     5.12    48.53     0.094
  -29.15   -27.89   -38.04       -29.14   -27.88   -38.03     0.022
  -43.98    -7.41   -25.37       -44.02    -7.40   -25.38     0.048
  -21.07   -11.40   -49.56       -21.07   -11.40   -49.55     0.010
  -15.60   -31.07   -32.89       -15.57   -31.16   -32.92     0.106
    1.38    20.77    40.07         1.38    20.69    40.05     0.079
   13.88    -5.96    46.42        13.83    -5.84    46.42     0.123
    4.82   -12.41   -23.33         4.80   -12.39   -23.31     0.026
   17.55    20.73   -29.16        17.56    20.75   -29.20     0.047
   -3.42   -23.40   -19.58        -3.40   -23.43   -19.57     0.035
   -9.38   -27.92   -34.67        -9.42   -27.87   -34.64     0.072
   -2.01   -23.10   -24.87        -2.02   -23.09   -24.87     0.016
    2.00    -6.97    36.51         2.00    -7.02    36.51     0.050
  -40.65   -20.25   -30.00       -40.73   -20.30   -30.02     0.098
    1.43    -6.92    39.96         1.44    -6.86    39.96     0.057
    9.83    -6.71    55.42         9.86    -6.88    55.41     0.175
  -40.00   -17.70   -33.32       -40.03   -17.69   -33.32     0.036
   24.23     9.37    38.27        24.36     9.38    38.30     0.135
   -0.23    19.03     7.33        -0.32    19.10     7.28     0.117
   -0.03    -6.37    59.87        -0.06    -6.46    59.86     0.100
  -28.47   -21.89    -8.14       -28.48   -21.92    -8.11     0.039
    4.37   -16.92   -19.06         4.33   -16.85   -19.04     0.085
   -6.51   -21.14   -11.06        -6.54   -21.08   -11.09     0.078
   35.49    11.15   -14.75        35.62    11.18   -14.80     0.144
  -29.72     7.37   -15.92       -29.72     7.33   -15.97     0.058
   -3.99    -4.82    38.01        -3.96    -4.80    38.01     0.038
  -36.77   -13.05   -43.58       -36.77   -13.05   -43.58     0.002
   -0.01   -17.35   -29.64         0.05   -17.36   -29.66     0.059
   -7.80   -20.38    -9.88        -7.78   -20.41    -9.83     0.057
   18.67   -13.84    -1.41        18.67   -13.83    -1.41     0.008
    4.19    12.64    63.19         4.19    12.64    63.19     0.002
   -7.02     6.78    57.65        -7.05     6.78    57.66     0.033
   -5.07    -2.69    42.24        -5.09    -2.70    42.24     0.024
   -3.21    16.35     8.23        -3.19    16.33     8.25     0.035
  -19.13    11.70   -21.82       -19.10    11.77   -21.78     0.089
  -28.53     8.51   -35.35       -28.52     8.50   -35.34     0.020
