200 PA4-C-Debug-Answer.txt 0
   32.63    -5.77   -22.08        32.63    -5.77   -22.08     0.000
  -27.42   -31.51   -31.18       -27.42   -31.51   -31.18     0.000
   25.33     9.29    33.18        25.33     9.29    33.18     0.000
  -10.47     7.49   -11.48       -10.47     7.49   -11.48     0.000
  -28.52     7.32   -37.60       -28.52     7.32   -37.60     0.000
  -25.57   -15.91    -6.51       -25.57   -15.91    -6.51     0.000
   18.15    -6.03    24.79        18.15    -6.03    24.79     0.000
   23.18     7.05    46.17        23.18     7.05    46.17     0.000
    9.20    24.99    14.99         9.20    24.99    14.99     0.000
    6.98   -10.48   -22.71         6.98   -10.48   -22.71     0.000
    7.72    25.21     4.06         7.72    25.21     4.06     0.000
  -21.77     2.76   -11.84       -21.77     2.76   -11.84     0.000
   19.38     8.16    62.75        19.38     8.16    62.75     0.000
   20.56   -11.04   -21.48        20.56   -11.04   -21.48     0.000
  -12.24   -26.39   -39.87       -12.24   -26.39   -39.87     0.000
   32.09    14.98   -20.98        32.09    14.98   -20.98     0.000
    8.64    22.91    -5.30         8.64    22.91    -5.30     0.000
  -18.53   -23.10    -8.89       -18.53   -23.10    -8.89     0.000
   14.48    17.45   -30.60        14.48    17.45   -30.60     0.000
   23.22    -3.87   -26.11        23.22    -3.87   -26.11     0.000
  -39.03     2.89   -22.78       -39.03     2.89   -22.78     0.000
  -28.09   -31.26   -31.03       -28.09   -31.26   -31.03     0.000
   21.54     4.58   -28.79        21.54     4.58   -28.79     0.000
    8.58    20.59    -7.74         8.58    20.59    -7.74     0.000
   11.09    -7.28    21.83        11.09    -7.28    21.83     0.000
   28.21    22.16     5.04        28.21    22.16     5.04     0.000
   21.18    -3.41    33.26        21.18    -3.41    33.26     0.000
    5.13   -15.79    -6.42         5.13   -15.79    -6.42     0.000
  -28.98   -31.31   -24.60       -28.98   -31.31   -24.60     0.000
  -15.66   -30.28   -18.46       -15.66   -30.28   -18.46     0.000
   -1.08    -7.08    32.62        -1.08    -7.08    32.62     0.000
   -6.17     9.99    56.54        -6.17     9.99    56.54     0.000
  -43.34    -6.06   -29.18       -43.34    -6.06   -29.18     0.000
    9.31    -6.94    52.44         9.31    -6.94    52.44     0.000
  -28.87     5.68   -39.78       -28.87     5.68   -39.78     0.000
   26.75    23.07     4.41        26.75    23.07     4.41     0.000
  -36.93   -12.93   -10.43       -36.93   -12.93   -10.43     0.000
  -22.26   -24.94    -9.47       -22.26   -24.94    -9.47     0.000
   31.40     4.18   -26.92        31.40     4.18   -26.92     0.000
    5.75   -16.61   -14.59         5.75   -16.61   -14.59     0.000
   28.16     7.06    24.07        28.16     7.06    24.07     0.000
  -28.29    -5.78    -8.55       -28.29    -5.78    -8.55     0.000
    2.98    -8.43    24.67         2.98    -8.43    24.67     0.000
    0.54   -17.07   -28.41         0.54   -17.07   -28.41     0.000
  -26.05   -32.35   -25.99       -26.05   -32.35   -25.99     0.000
    1.91    18.85     3.95         1.91    18.85     3.95     0.000
   -5.29    24.85    26.34        -5.29    24.85    26.34     0.000
  -14.62    16.02    33.03       -14.62    16.02    33.03     0.000
   21.86     3.67   -28.51        21.86     3.67   -28.51     0.000
   24.16    24.38   -14.31        24.16    24.38   -14.31     0.000
  -16.26   -15.63   -47.88       -16.26   -15.63   -47.88     0.000
   -5.47   -21.81   -38.14        -5.47   -21.81   -38.14     0.000
   36.86     1.30    10.08        36.86     1.30    10.08     0.000
   -7.88     7.61    36.28        -7.88     7.61    36.28     0.000
   26.67    -1.06    23.98        26.67    -1.06    23.98     0.000
   31.32    19.60    -1.53        31.32    19.60    -1.53     0.000
   -7.51   -25.19   -36.87        -7.51   -25.19   -36.87     0.000
   21.46    -0.45    44.56        21.46    -0.45    44.56     0.000
   14.53    -4.87    59.34        14.53    -4.87    59.34     0.000
   -0.94   -21.15   -19.91        -0.94   -21.15   -19.91     0.000
   14.70    15.30    63.12        14.70    15.30    63.12     0.000
   -3.06    24.37    25.79        -3.06    24.37    25.79     0.000
  -12.71    10.62   -24.85       -12.71    10.62   -24.85     0.000
  -16.64   -21.93    -8.52       -16.64   -21.93    -8.52     0.000
    3.31   -12.60     3.91         3.31   -12.60     3.91     0.000
  -36.76   -24.85   -33.10       -36.76   -24.85   -33.10     0.000
  -38.17     3.14   -31.61       -38.17     3.14   -31.61     0.000
   32.06    18.86    -7.18        32.06    18.86    -7.18     0.000
   16.85    21.54   -29.12        16.85    21.54   -29.12     0.000
   -4.54    23.87    31.51        -4.54    23.87    31.51     0.000
  -25.63   -18.37    -6.90       -25.63   -18.37    -6.90     0.000
  -18.79    11.97   -24.72       -18.79    11.97   -24.72     0.000
  -21.74   -10.80   -49.65       -21.74   -10.80   -49.65     0.000
   -9.33   -27.65   -34.92        -9.33   -27.65   -34.92     0.000
  -17.86   -10.04   -48.92       -17.86   -10.04   -48.92     0.000
   17.63    -7.70    13.88        17.63    -7.70    13.88     0.000
   31.17    14.30    13.43        31.17    14.30    13.43     0.000
    1.93    -6.89    40.22         1.93    -6.89    40.22     0.000
    2.50    21.49    35.68         2.50    21.49    35.68     0.000
   18.20   -17.62   -10.47        18.20   -17.62   -10.47     0.000
   31.75     7.16    16.24        31.75     7.16    16.24     0.000
  -25.91   -11.56   -48.40       -25.91   -11.56   -48.40     0.000
   -9.59   -22.11   -42.42        -9.59   -22.11   -42.42     0.000
  -16.20    10.78   -33.32       -16.20    10.78   -33.32     0.000
  -28.01     1.07   -12.61       -28.01     1.07   -12.61     0.000
   30.86     4.61    17.97        30.86     4.61    17.97     0.000
  -37.33    -0.11   -38.63       -37.33    -0.11   -38.63     0.000
   33.27    -0.96    13.58        33.27    -0.96    13.58     0.000
   18.62    -8.90   -22.34        18.62    -8.90   -22.34     0.000
   -9.92   -18.40   -44.71        -9.92   -18.40   -44.71     0.000
   17.66   -12.69     1.66        17.66   -12.69     1.66     0.000
   22.49    11.67    46.51        22.49    11.67    46.51     0.000
   27.88     9.92    23.42        27.88     9.92    23.42     0.000
   27.81    22.03     7.34        27.81    22.03     7.34     0.000
   -5.22   -23.61   -35.74        -5.22   -23.61   -35.74     0.000
  -14.92   -29.98   -18.27       -14.92   -29.98   -18.27     0.000
   23.39    10.39    43.05        23.39    10.39    43.05     0.000
   -2.17    -5.51    44.74        -2.17    -5.51    44.74     0.000
    0.24    -4.30   -27.13         0.24    -4.30   -27.13     0.000
   22.57   -13.88    -4.28        22.57   -13.88    -4.28     0.000
   38.58     5.37   -11.24        38.58     5.37   -11.24     0.000
  -12.28   -26.43   -39.84       -12.28   -26.43   -39.84     0.000
  -34.58    -2.87   -10.78       -34.58    -2.87   -10.78     0.000
    1.62    -7.04    62.39         1.62    -7.04    62.39     0.000
   37.13    13.06     4.36        37.13    13.06     4.36     0.000
  -13.63    -2.10     7.29       -13.63    -2.10     7.29     0.000
  -29.74   -21.54   -44.42       -29.74   -21.54   -44.42     0.000
   -6.29   -25.45   -18.53        -6.29   -25.45   -18.53     0.000
   35.73    -0.20    11.11        35.73    -0.20    11.11     0.000
   -0.57   -14.34   -35.13        -0.57   -14.34   -35.13     0.000
   18.07    21.70    31.22        18.07    21.70    31.22     0.000
   -4.87    15.02    47.10        -4.87    15.02    47.10     0.000
   -4.88     7.64   -18.87        -4.88     7.64   -18.87     0.000
  -13.09    10.33   -21.12       -13.09    10.33   -21.12     0.000
  -36.05     3.90   -17.84       -36.05     3.90   -17.84     0.000
    3.81   -13.99    -1.61         3.81   -13.99    -1.61     0.000
   36.37    14.02     1.41        36.37    14.02     1.41     0.000
   16.32    -4.60    51.00        16.32    -4.60    51.00     0.000
  -13.62    17.96    34.44       -13.62    17.96    34.44     0.000
   -4.46    13.52    56.64        -4.46    13.52    56.64     0.000
   -2.12    -6.92   -36.32        -2.12    -6.92   -36.32     0.000
  -33.66   -24.46   -14.34       -33.66   -24.46   -14.34     0.000
   36.62    -2.66     3.91        36.62    -2.66     3.91     0.000
   32.16    15.74   -19.69        32.16    15.74   -19.69     0.000
   20.11     0.44    56.37        20.11     0.44    56.37     0.000
   -0.78    -7.15    33.27        -0.78    -7.15    33.27     0.000
   -7.59    12.28     9.22        -7.59    12.28     9.22     0.000
    4.46    23.60     7.20         4.46    23.60     7.20     0.000
   35.06    -4.64   -10.24        35.06    -4.64   -10.24     0.000
   15.29    19.69   -30.66        15.29    19.69   -30.66     0.000
  -20.71   -30.86   -16.69       -20.71   -30.86   -16.69     0.000
   22.60     4.49    47.63        22.60     4.49    47.63     0.000
  -18.43   -25.96   -10.82       -18.43   -25.96   -10.82     0.000
   -9.59     4.39   -38.51        -9.59     4.39   -38.51     0.000
    0.15   -15.09   -30.70         0.15   -15.09   -30.70     0.000
   -8.50     6.65   -30.35        -8.50     6.65   -30.35     0.000
   20.50     0.62    54.04        20.50     0.62    54.04     0.000
  -12.17   -30.17   -21.97       -12.17   -30.17   -21.97     0.000
  -28.15   -26.68   -12.21       -28.15   -26.68   -12.21     0.000
   12.15    -6.31    41.80        12.15    -6.31    41.80     0.000
   26.30     7.33   -30.25        26.30     7.33   -30.25     0.000
   28.15   -12.17   -14.29        28.15   -12.17   -14.29     0.000
   11.11    -7.19    22.60        11.11    -7.19    22.60     0.000
  -13.02     3.44     9.04       -13.02     3.44     9.04     0.000
    3.57   -14.45    -2.61         3.57   -14.45    -2.61     0.000
   -6.42     9.39    50.52        -6.42     9.39    50.52     0.000
  -20.07   -14.53    -5.36       -20.07   -14.53    -5.36     0.000
  -31.01   -28.97   -18.66       -31.01   -28.97   -18.66     0.000
   30.21    -8.12   -22.04        30.21    -8.12   -22.04     0.000
    2.22    24.09    18.46         2.22    24.09    18.46     0.000
  -31.34   -29.50   -32.26       -31.34   -29.50   -32.26     0.000
  -19.40   -14.67   -48.66       -19.40   -14.67   -48.66     0.000
   17.23    17.07    60.17        17.23    17.07    60.17     0.000
   28.78    -8.57   -22.71        28.78    -8.57   -22.71     0.000
   33.52    17.34     4.95        33.52    17.34     4.95     0.000
    8.60   -14.78    -0.07         8.60   -14.78    -0.07     0.000
   -2.54    -2.49   -29.75        -2.54    -2.49   -29.75     0.000
    4.02    -4.17   -24.32         4.02    -4.17   -24.32     0.000
   15.90    -4.84    49.82        15.90    -4.84    49.82     0.000
   14.75    21.85    36.53        14.75    21.85    36.53     0.000
   20.65    13.92    52.29        20.65    13.92    52.29     0.000
   40.05     5.59     0.03        40.05     5.59     0.03     0.000
   -6.33   -11.76     3.53        -6.33   -11.76     3.53     0.000
  -20.79    -3.97   -47.92       -20.79    -3.97   -47.92     0.000
  -14.78    20.20    21.42       -14.78    20.20    21.42     0.000
   -0.82    -6.03    44.09        -0.82    -6.03    44.09     0.000
   -5.28    15.48     9.48        -5.28    15.48     9.48     0.000
    5.31    11.54    63.23         5.31    11.54    63.23     0.000
    3.53   -12.22     5.67         3.53   -12.22     5.67     0.000
   19.94     2.15    61.90        19.94     2.15    61.90     0.000
  -26.05   -17.49    -6.88       -26.05   -17.49    -6.88     0.000
  -10.21    16.25    37.72       -10.21    16.25    37.72     0.000
  -31.39     4.79   -39.29       -31.39     4.79   -39.29     0.000
  -27.26   -31.02   -19.82       -27.26   -31.02   -19.82     0.000
   -1.10   -19.62   -13.58        -1.10   -19.62   -13.58     0.000
   -0.00   -14.49   -33.35        -0.00   -14.49   -33.35     0.000
    2.56    18.40    57.88         2.56    18.40    57.88     0.000
   -2.14    16.23    53.66        -2.14    16.23    53.66     0.000
  -24.37    11.97   -27.85       -24.37    11.97   -27.85     0.000
  -29.15     4.88   -14.22       -29.15     4.88   -14.22     0.000
   -9.30     7.51    -2.12        -9.30     7.51    -2.12     0.000
   23.51     0.43   -27.85        23.51     0.43   -27.85     0.000
   23.47    18.06    25.41        23.47    18.06    25.41     0.000
  -39.21    -5.03   -13.83       -39.21    -5.03   -13.83     0.000
   14.53    -5.54    46.71        14.53    -5.54    46.71     0.000
   33.41    -5.99     5.50        33.41    -5.99     5.50     0.000
  -17.42    -7.88   -48.33       -17.42    -7.88   -48.33     0.000
  -38.93   -20.86   -17.30       -38.93   -20.86   -17.30     0.000
   -5.91    -7.88    18.34        -5.91    -7.88    18.34     0.000
   25.27    -7.94     7.14        25.27    -7.94     7.14     0.000
    6.24    -7.77    24.30         6.24    -7.77    24.30     0.000
   -0.70    19.94     8.89        -0.70    19.94     8.89     0.000
   -5.45    11.54     3.64        -5.45    11.54     3.64     0.000
  -12.57    23.85    25.48       -12.57    23.85    25.48     0.000
  -40.57   -14.51   -15.52       -40.57   -14.51   -15.52     0.000
   34.95    -5.13   -14.75        34.95    -5.13   -14.75     0.000
   21.87    -9.75     3.48        21.87    -9.75     3.48     0.000
  -13.68     6.76   -12.82       -13.68     6.76   -12.82     0.000
   14.89    27.04    -1.03        14.89    27.04    -1.03     0.000
   16.77    -4.01    52.82        16.77    -4.01    52.82     0.000
