200 PA4-B-Debug-Output.txt 0
   20.33    25.66   -12.43        20.33    25.66   -12.43     0.000
  -30.02    -7.07    -7.91       -30.02    -7.07    -7.91     0.000
   -7.11     5.31    57.49        -7.11     5.31    57.49     0.000
   13.67    14.63   -18.33        13.67    14.63   -18.33     0.000
   17.72    24.75   -24.38        17.72    24.75   -24.38     0.000
   -1.99    16.22     6.23        -1.99    16.22     6.23     0.000
   13.87    -3.05    63.15        13.87    -3.05    63.15     0.000
   17.61     3.78   -22.72        17.61     3.78   -22.72     0.000
   -3.90    -9.57    15.29        -3.90    -9.57    15.29     0.000
  -17.09    11.91   -29.08       -17.09    11.91   -29.08     0.000
   33.01    -6.34    -9.39        33.01    -6.34    -9.39     0.000
   11.35    23.55    23.63        11.35    23.55    23.63     0.000
  -18.52   -32.57   -28.43       -18.52   -32.57   -28.43     0.000
    7.49    24.81    14.78         7.49    24.81    14.78     0.000
   -6.69     3.11    43.31        -6.69     3.11    43.31     0.000
   21.74     2.43    50.94        21.74     2.43    50.94     0.000
   19.82    22.20    21.47        19.82    22.20    21.47     0.000
  -32.60     7.76   -20.44       -32.60     7.76   -20.44     0.000
   -9.57     7.99   -27.92        -9.57     7.99   -27.92     0.000
   -4.88   -24.16   -18.11        -4.88   -24.16   -18.11     0.000
   27.36     4.35    26.51        27.36     4.35    26.51     0.000
   18.14    -9.89     6.85        18.14    -9.89     6.85     0.000
   21.51    12.63    50.45        21.51    12.63    50.45     0.000
    7.05   -12.84     4.45         7.05   -12.84     4.45     0.000
    7.35   -12.85     4.54         7.35   -12.85     4.54     0.000
   12.29    20.56    57.43        12.29    20.56    57.43     0.000
    8.27    -6.80    31.70         8.27    -6.80    31.70     0.000
  -39.94    -7.98   -38.48       -39.94    -7.98   -38.48     0.000
  -13.73   -11.84   -48.07       -13.73   -11.84   -48.07     0.000
   -9.31     8.02     0.89        -9.31     8.02     0.89     0.000
   -1.28     0.74   -25.77        -1.28     0.74   -25.77     0.000
   21.25    25.47   -12.20        21.25    25.47   -12.20     0.000
   22.85    -4.17   -25.82        22.85    -4.17   -25.82     0.000
  -10.34    -4.54    12.00       -10.34    -4.54    12.00     0.000
   -3.25     0.48    63.34        -3.25     0.48    63.34     0.000
  -24.35     6.19   -41.02       -24.35     6.19   -41.02     0.000
    3.61    -2.90   -24.14         3.61    -2.90   -24.14     0.000
   -1.18    -9.76   -34.10        -1.18    -9.76   -34.10     0.000
  -36.97     2.43   -35.96       -36.97     2.43   -35.96     0.000
   -8.28     8.26   -15.70        -8.28     8.26   -15.70     0.000
   -0.62    -6.64   -29.56        -0.62    -6.64   -29.56     0.000
  -18.11     5.73   -13.28       -18.11     5.73   -13.28     0.000
   -2.18    -5.66    43.64        -2.18    -5.66    43.64     0.000
   -6.77     7.77    53.59        -6.77     7.77    53.59     0.000
  -19.66    -1.91    -4.42       -19.66    -1.91    -4.42     0.000
   -4.03     0.52   -29.67        -4.03     0.52   -29.67     0.000
   10.18    25.65    11.43        10.18    25.65    11.43     0.000
   11.27    24.24    -7.55        11.27    24.24    -7.55     0.000
   14.26    -5.35    53.87        14.26    -5.35    53.87     0.000
  -38.32     0.36   -16.87       -38.31     0.36   -16.87     0.000
  -17.42    -0.63   -46.79       -17.42    -0.63   -46.79     0.000
   -6.27     1.69    59.73        -6.27     1.69    59.73     0.000
   37.25     0.78     9.47        37.25     0.78     9.47     0.000
  -33.22   -13.19   -46.23       -33.22   -13.19   -46.23     0.000
   -8.17   -11.60   -45.33        -8.17   -11.60   -45.33     0.000
   -7.74    24.10    31.32        -7.74    24.10    31.32     0.000
  -40.71   -20.47   -21.95       -40.71   -20.47   -21.95     0.000
   26.46   -12.13    -6.12        26.46   -12.13    -6.12     0.000
   -8.96   -12.51     0.55        -8.96   -12.51     0.55     0.000
   -2.58    15.16    60.15        -2.58    15.16    60.15     0.000
   31.70    -7.59    -0.71        31.70    -7.59    -0.71     0.000
  -33.06   -29.03   -24.33       -33.06   -29.03   -24.33     0.000
   -2.35   -16.56    -5.98        -2.35   -16.56    -5.98     0.000
   -9.76    17.40    15.03        -9.76    17.40    15.03     0.000
  -35.28    -8.13    -8.67       -35.28    -8.13    -8.67     0.000
    7.31    -7.22    55.73         7.31    -7.22    55.73     0.000
  -16.33    15.47    22.45       -16.33    15.47    22.45     0.000
  -17.52     1.15    -3.76       -17.52     1.15    -3.76     0.000
  -12.47    -0.77    10.89       -12.47    -0.77    10.89     0.000
   17.81    25.26    10.39        17.81    25.26    10.39     0.000
   27.49    22.88     0.75        27.49    22.88     0.75     0.000
   30.32     4.24    18.91        30.32     4.24    18.91     0.000
   -3.85    -1.24   -30.92        -3.85    -1.24   -30.92     0.000
  -33.46   -23.64   -39.97       -33.46   -23.64   -39.97     0.000
   28.25     3.43   -29.85        28.25     3.43   -29.85     0.000
  -15.98    -8.72    -0.04       -15.98    -8.72    -0.04     0.000
    9.92    -5.57    63.38         9.92    -5.57    63.38     0.000
    8.24    -7.64    21.71         8.24    -7.64    21.71     0.000
   12.06    23.82    21.91        12.06    23.82    21.91     0.000
   -0.20     9.61   -11.55        -0.20     9.61   -11.55     0.000
  -12.99   -22.23   -43.95       -12.99   -22.23   -43.95     0.000
   38.13    -1.07   -10.94        38.13    -1.07   -10.94     0.000
  -18.89    10.08   -36.28       -18.89    10.08   -36.28     0.000
   29.32    12.25    18.12        29.32    12.25    18.12     0.000
   16.63   -16.10   -13.96        16.63   -16.10   -13.96     0.000
   -6.98    -8.30   -44.24        -6.98    -8.30   -44.24     0.000
    7.28    11.28   -10.75         7.28    11.28   -10.75     0.000
    4.20    23.89    21.28         4.20    23.89    21.28     0.000
   -7.94    20.02    38.27        -7.94    20.02    38.27     0.000
   -3.85    -5.98    32.88        -3.85    -5.98    32.88     0.000
    3.76    10.79    63.31         3.76    10.79    63.31     0.000
  -16.32    15.97    24.48       -16.32    15.97    24.48     0.000
   -4.27    13.70     6.08        -4.27    13.70     6.08     0.000
   17.86     2.74   -22.80        17.86     2.74   -22.80     0.000
  -10.97    16.94    37.40       -10.97    16.94    37.40     0.000
  -32.08   -14.35    -7.33       -32.08   -14.35    -7.33     0.000
   -4.79    12.56    60.08        -4.79    12.56    60.08     0.000
   19.04    -9.16   -22.17        19.04    -9.16   -22.17     0.000
  -24.53   -32.42   -22.79       -24.53   -32.42   -22.79     0.000
   24.71    -7.81   -24.75        24.71    -7.81   -24.75     0.000
   23.47   -11.27    -1.03        23.47   -11.27    -1.03     0.000
  -39.78   -13.84   -33.60       -39.78   -13.84   -33.60     0.000
  -21.62   -30.57   -36.56       -21.62   -30.57   -36.56     0.000
   -9.22    -8.66   -46.32        -9.22    -8.66   -46.32     0.000
    0.66    17.50    59.51         0.66    17.50    59.51     0.000
    3.86     8.90    63.38         3.86     8.90    63.38     0.000
   19.61    21.13    28.83        19.61    21.13    28.83     0.000
   35.67     0.44   -18.98        35.67     0.44   -18.98     0.000
   17.26    -5.76    27.64        17.26    -5.76    27.64     0.000
   23.76    -5.69    16.28        23.76    -5.69    16.28     0.000
   38.32    11.22    -2.63        38.32    11.22    -2.63     0.000
  -25.88   -32.19   -29.97       -25.88   -32.19   -29.97     0.000
   25.28    23.23     7.54        25.28    23.23     7.54     0.000
   31.82     7.94   -26.50        31.82     7.94   -26.50     0.000
  -37.62   -11.88   -42.60       -37.62   -11.88   -42.60     0.000
    1.83   -13.13     0.36         1.83   -13.13     0.36     0.000
  -22.71    12.21   -26.30       -22.71    12.21   -26.30     0.000
   21.76     3.80    52.97        21.76     3.80    52.97     0.000
   -0.27   -17.74   -32.37        -0.27   -17.74   -32.37     0.000
   13.14    26.26    -5.32        13.14    26.26    -5.32     0.000
   21.20    24.82   -21.96        21.20    24.82   -21.96     0.000
   18.54    -7.38    14.49        18.54    -7.38    14.49     0.000
   25.17   -12.19    -3.54        25.17   -12.19    -3.54     0.000
    0.41    -6.72    60.44         0.41    -6.72    60.44     0.000
   25.94    23.97    -2.93        25.94    23.97    -2.93     0.000
   -3.58   -22.11   -16.02        -3.58   -22.11   -16.02     0.000
   -4.99    -2.85    42.54        -4.99    -2.85    42.54     0.000
   -4.75    14.36     7.78        -4.75    14.36     7.78     0.000
  -27.54   -22.42   -44.58       -27.54   -22.42   -44.58     0.000
   26.25    -4.43    17.09        26.25    -4.43    17.09     0.000
   33.91    -2.86   -22.16        33.91    -2.86   -22.16     0.000
   -4.48    13.72     6.56        -4.48    13.72     6.56     0.000
    2.56    12.03    -7.17         2.56    12.03    -7.17     0.000
   12.23    17.98   -18.27        12.23    17.98   -18.27     0.000
   21.87    -4.40    25.37        21.87    -4.40    25.37     0.000
    8.49    -9.81   -22.34         8.49    -9.81   -22.34     0.000
  -28.50     9.37   -19.16       -28.50     9.37   -19.16     0.000
    8.59    20.14    -8.11         8.59    20.14    -8.11     0.000
   20.76    -9.76     4.29        20.76    -9.76     4.29     0.000
   -3.03   -22.91   -32.97        -3.03   -22.91   -32.97     0.000
   19.03    11.97    62.85        19.03    11.97    62.85     0.000
  -10.72     9.29    29.75       -10.72     9.29    29.75     0.000
    8.86   -14.04   -18.22         8.86   -14.04   -18.22     0.000
  -19.83   -11.40    -3.74       -19.83   -11.40    -3.74     0.000
   18.32    -1.34   -22.97        18.32    -1.34   -22.97     0.000
   28.79    21.88     1.22        28.79    21.88     1.22     0.000
  -13.87     4.12     0.87       -13.87     4.12     0.87     0.000
   -6.49     9.10    50.72        -6.49     9.10    50.72     0.000
   33.99    16.88     4.50        33.99    16.88     4.50     0.000
   -6.53    15.63    43.19        -6.53    15.63    43.19     0.000
   -5.84     9.79    -1.95        -5.84     9.79    -1.95     0.000
   13.57     8.37    63.09        13.57     8.37    63.09     0.000
   12.13    24.94    14.99        12.13    24.94    14.99     0.000
    8.27    23.20    26.28         8.27    23.20    26.28     0.000
  -30.48   -19.09    -7.90       -30.48   -19.09    -7.90     0.000
   -5.97     9.05    -4.24        -5.97     9.05    -4.24     0.000
  -39.15   -17.10   -38.01       -39.15   -17.10   -38.01     0.000
   16.65    18.76    52.43        16.65    18.76    52.43     0.000
   -9.23   -26.40   -16.12        -9.23   -26.40   -16.12     0.000
   23.63    14.37    33.23        23.63    14.37    33.23     0.000
   -6.00     2.02   -35.55        -6.00     2.02   -35.55     0.000
   31.98    11.42    13.89        31.98    11.42    13.89     0.000
   21.11    -8.75   -23.34        21.11    -8.75   -23.34     0.000
  -27.77   -13.29   -47.90       -27.77   -13.29   -47.90     0.000
   11.89    19.73   -28.52        11.89    19.73   -28.52     0.000
  -28.99   -28.58   -15.70       -28.99   -28.58   -15.70     0.000
  -34.98     3.04   -15.00       -34.98     3.04   -15.00     0.000
   -0.03   -19.62   -27.09        -0.03   -19.62   -27.09     0.000
    0.40   -19.92   -24.31         0.40   -19.92   -24.31     0.000
   12.37    10.68   -12.94        12.37    10.68   -12.94     0.000
   35.48     1.25   -19.47        35.48     1.25   -19.47     0.000
   18.38     0.58    62.37        18.38     0.58    62.37     0.000
  -37.78    -2.48   -39.80       -37.78    -2.48   -39.80     0.000
   -4.59   -26.07   -24.08        -4.59   -26.07   -24.08     0.000
  -29.56   -29.47   -18.43       -29.56   -29.47   -18.43     0.000
   -8.09     9.79     4.76        -8.09     9.79     4.76     0.000
  -35.30   -25.85   -18.45       -35.30   -25.85   -18.45     0.000
    1.67   -18.76   -21.46         1.67   -18.76   -21.46     0.000
    2.37   -16.03   -24.51         2.37   -16.03   -24.51     0.000
   14.59    14.89    63.12        14.59    14.89    63.12     0.000
   36.01    -2.89   -16.64        36.01    -2.89   -16.64     0.000
   31.83    -8.75   -16.75        31.83    -8.75   -16.75     0.000
    0.25   -18.86   -27.28         0.25   -18.86   -27.28     0.000
    1.83    -1.40   -24.34         1.83    -1.40   -24.34     0.000
   17.24   -16.21   -14.06        17.24   -16.21   -14.06     0.000
  -39.10    -0.45   -35.98       -39.10    -0.45   -35.98     0.000
   15.07    18.24   -30.99        15.07    18.24   -30.99     0.000
   -6.14   -27.18   -27.56        -6.14   -27.18   -27.56     0.000
   14.59    -5.19    52.32        14.59    -5.19    52.32     0.000
   -0.24   -19.67   -15.06        -0.24   -19.67   -15.06     0.000
  -27.57   -23.39    -9.05       -27.57   -23.39    -9.05     0.000
  -31.90     5.59   -37.77       -31.90     5.59   -37.77     0.000
    8.74    -7.14    25.69         8.74    -7.14    25.69     0.000
    3.76    -2.63   -23.93         3.76    -2.63   -23.93     0.000
    7.35   -15.67   -16.67         7.35   -15.67   -16.67     0.000
   -9.02     6.92    29.57        -9.02     6.92    29.57     0.000
  -14.71   -13.52   -48.43       -14.71   -13.52   -48.43     0.000
   22.39    -9.95     2.60        22.39    -9.95     2.60     0.000
   -8.20    -2.52    24.27        -8.20    -2.52    24.27     0.000
   37.57     7.71   -11.51        37.57     7.71   -11.51     0.000
