150 PA5-A-Debug-Output.txt 6
   32.6922  137.5444   44.0710 -179.9443   24.9097  -45.6071
   27.48    -3.26    -2.58        27.48    -3.26    -2.58     0.000
   16.30    25.11    14.77        16.30    25.11    14.77     0.000
   16.46    14.77    51.02        16.46    14.77    51.02     0.000
    6.43    -2.38   -22.70         6.43    -2.38   -22.70     0.000
   23.37     9.44    18.75        23.37     9.44    18.75     0.000
   -1.77    22.97    25.71        -1.77    22.97    25.71     0.000
  -18.45   -33.15   -23.80       -18.45   -33.15   -23.80     0.000
    8.21    -2.28   -22.75         8.21    -2.28   -22.75     0.000
   15.11    12.09    65.07        15.11    12.09    65.07     0.000
   24.15    22.10    12.91        24.15    22.10    12.91     0.000
    3.96    -7.73    22.76         3.96    -7.73    22.76     0.000
    7.30     5.54    67.94         7.30     5.54    67.94     0.000
   19.72    25.97    -6.74        19.72    25.97    -6.74     0.000
   -2.47     4.62    60.37        -2.47     4.62    60.37     0.000
    4.61     7.46   -16.53         4.61     7.46   -16.53     0.000
  -15.14     6.92   -43.51       -15.14     6.92   -43.51     0.000
   22.58    24.69    10.55        22.58    24.69    10.55     0.000
  -45.89    -5.38   -25.20       -45.89    -5.38   -25.20     0.000
    9.71    22.43    13.21         9.71    22.43    13.21     0.000
   27.91    16.95   -24.01        27.91    16.95   -24.01     0.000
   13.12    -3.28    20.84        13.12    -3.28    20.84     0.000
   14.53    17.42    58.73        14.53    17.42    58.73     0.000
   19.17     9.91   -24.45        19.17     9.91   -24.45     0.000
   25.55    21.11     9.34        25.55    21.11     9.34     0.000
   -2.38   -16.51   -34.94        -2.38   -16.51   -34.94     0.000
    1.00   -19.33   -26.55         1.00   -19.33   -26.55     0.000
  -44.80    -8.05   -17.95       -44.80    -8.05   -17.95     0.000
  -24.64   -19.36    -8.82       -24.64   -19.36    -8.82     0.000
   15.29    24.13    17.02        15.29    24.13    17.02     0.000
  -38.71     4.16   -36.13       -38.71     4.16   -36.13     0.000
  -31.35     1.57   -46.69       -31.35     1.57   -46.69     0.000
  -42.63    -2.23   -41.13       -42.63    -2.23   -41.13     0.000
   14.63    -3.91    16.12        14.63    -3.91    16.12     0.000
   26.39     6.28   -30.64        26.39     6.28   -30.64     0.000
   17.37     1.19   -23.55        17.37     1.19   -23.55     0.000
  -43.94   -19.33   -36.44       -43.94   -19.33   -36.44     0.000
  -17.29    -7.75    -5.75       -17.29    -7.75    -5.75     0.000
   -6.11    18.72    27.21        -6.11    18.72    27.21     0.000
    8.40    -4.74    29.61         8.40    -4.74    29.61     0.000
    2.21    -2.59   -25.43         2.21    -2.59   -25.43     0.000
  -12.68   -29.89   -40.49       -12.68   -29.89   -40.49     0.000
  -20.22   -32.76   -19.57       -20.22   -32.76   -19.57     0.000
   -7.84     4.36   -12.64        -7.84     4.36   -12.64     0.000
   15.03    23.69    -1.80        15.03    23.69    -1.80     0.000
   11.74    17.30    67.47        11.74    17.30    67.47     0.000
   20.86    11.03   -23.99        20.86    11.03   -23.99     0.000
   -8.47     7.29   -21.97        -8.47     7.29   -21.97     0.000
    2.03   -10.62     4.84         2.03   -10.62     4.84     0.000
   34.05    11.94    -1.01        34.05    11.94    -1.01     0.000
   -7.90     1.59     0.04        -7.90     1.59     0.04     0.000
   -2.21     3.74    49.42        -2.21     3.74    49.42     0.000
   -8.99    -0.35   -39.19        -8.99    -0.35   -39.19     0.000
   -6.57    13.30    31.55        -6.57    13.30    31.55     0.000
   15.53     6.03   -22.07        15.53     6.03   -22.07     0.000
  -31.77   -23.94   -48.51       -31.77   -23.94   -48.51     0.000
   33.75    12.56    -8.78        33.75    12.56    -8.78     0.000
  -20.32    -1.50   -50.75       -20.32    -1.50   -50.75     0.000
  -23.07   -12.03    -7.99       -23.07   -12.03    -7.99     0.000
  -45.89   -13.29   -35.71       -45.89   -13.29   -35.71     0.000
    4.78    -3.55   -23.70         4.78    -3.55   -23.70     0.000
    7.52    21.51    13.26         7.52    21.51    13.26     0.000
  -31.09   -25.13   -10.39       -31.09   -25.13   -10.39     0.000
    5.30    -3.60    69.24         5.30    -3.60    69.24     0.000
   16.06    19.99    -5.42        16.06    19.99    -5.42     0.000
  -37.31   -30.48   -30.86       -37.31   -30.48   -30.86     0.000
  -21.32   -10.06   -52.88       -21.32   -10.06   -52.88     0.000
    0.84    -3.32    38.68         0.84    -3.32    38.68     0.000
   33.38     0.38   -10.13        33.38     0.38   -10.13     0.000
   26.37    20.67     8.33        26.37    20.67     8.33     0.000
  -22.46   -21.99    -8.77       -22.46   -21.99    -8.77     0.000
   -1.38     7.33    32.38        -1.38     7.33    32.38     0.000
  -21.02    -9.09   -52.80       -21.02    -9.09   -52.80     0.000
  -19.82   -17.35   -52.38       -19.82   -17.35   -52.38     0.000
  -20.52    -1.02   -50.43       -20.52    -1.02   -50.43     0.000
    5.10    14.05    52.19         5.10    14.05    52.19     0.000
  -37.49    -1.32   -13.06       -37.49    -1.32   -13.06     0.000
  -28.99    -5.79   -51.94       -28.99    -5.79   -51.94     0.000
   21.11    18.63    29.21        21.11    18.63    29.21     0.000
  -28.57   -32.47   -40.22       -28.57   -32.47   -40.22     0.000
    1.51    -4.58    62.81         1.51    -4.58    62.81     0.000
   27.20    16.81   -24.84        27.20    16.81   -24.84     0.000
  -11.22   -27.36   -42.05       -11.22   -27.36   -42.05     0.000
  -20.97    11.98   -29.03       -20.97    11.98   -29.03     0.000
  -32.06   -33.88   -30.07       -32.06   -33.88   -30.07     0.000
  -31.33     8.83   -35.02       -31.33     8.83   -35.02     0.000
   34.03    14.28   -15.66        34.03    14.28   -15.66     0.000
  -34.45   -32.64   -28.33       -34.45   -32.64   -28.33     0.000
   22.46    12.08   -26.76        22.46    12.08   -26.76     0.000
   17.19     6.59    56.56        17.19     6.59    56.56     0.000
  -14.71    -6.59    -3.76       -14.71    -6.59    -3.76     0.000
   20.30    24.73   -12.63        20.30    24.73   -12.63     0.000
   16.38     3.03    62.62        16.38     3.03    62.62     0.000
  -23.46   -34.54   -29.14       -23.46   -34.54   -29.14     0.000
  -12.55     4.83   -42.30       -12.55     4.83   -42.30     0.000
   21.63   -11.24   -11.76        21.63   -11.24   -11.76     0.000
  -16.39     7.40   -43.58       -16.39     7.40   -43.58     0.000
  -15.70   -24.54   -11.17       -15.70   -24.54   -11.17     0.000
  -34.94   -25.97   -15.34       -34.94   -25.97   -15.34     0.000
    4.39     7.98   -15.22         4.39     7.98   -15.22     0.000
   -0.35    -6.80    16.70        -0.35    -6.80    16.70     0.000
   20.52    -8.79   -18.20        20.52    -8.79   -18.20     0.000
   32.11    12.43   -22.46        32.11    12.43   -22.46     0.000
   -7.84     1.14   -35.29        -7.84     1.14   -35.29     0.000
   13.14    -3.58    19.80        13.14    -3.58    19.80     0.000
   11.47    -1.42    36.25        11.47    -1.42    36.25     0.000
    3.77   -10.26     8.99         3.77   -10.26     8.99     0.000
   13.09     2.68    67.98        13.09     2.68    67.98     0.000
   11.17     4.78   -17.76        11.17     4.78   -17.76     0.000
  -11.17     7.56   -22.02       -11.17     7.56   -22.02     0.000
  -27.25   -33.87   -21.77       -27.25   -33.87   -21.77     0.000
   10.32    -3.91    26.75        10.32    -3.91    26.75     0.000
  -45.49   -17.98   -31.63       -45.49   -17.98   -31.63     0.000
   22.47    25.82    -3.37        22.47    25.82    -3.37     0.000
   21.59    14.08   -27.53        21.59    14.08   -27.53     0.000
  -25.58   -10.56   -53.78       -25.58   -10.56   -53.78     0.000
    7.32     5.66    67.90         7.32     5.66    67.90     0.000
  -15.68     3.10   -46.26       -15.68     3.10   -46.26     0.000
  -21.43   -12.27   -52.89       -21.43   -12.27   -52.89     0.000
  -40.71   -23.74   -40.30       -40.71   -23.74   -40.30     0.000
   23.06    23.73   -21.28        23.06    23.73   -21.28     0.000
   -5.93     3.19    -5.75        -5.93     3.19    -5.75     0.000
   -1.42     7.10    30.93        -1.42     7.10    30.93     0.000
   20.76     2.15    21.11        20.76     2.15    21.11     0.000
   -8.34     7.05   -21.04        -8.34     7.05   -21.04     0.000
   26.13    16.54    14.18        26.13    16.54    14.18     0.000
  -23.89     9.96   -38.59       -23.89     9.96   -38.59     0.000
   32.60    18.06   -14.72        32.60    18.06   -14.72     0.000
   19.60    13.86   -21.91        19.60    13.86   -21.91     0.000
  -21.52    -6.75   -52.43       -21.52    -6.75   -52.43     0.000
  -25.84   -34.15   -23.56       -25.84   -34.15   -23.56     0.000
  -12.90   -31.79   -33.32       -12.90   -31.79   -33.32     0.000
   16.69     3.40    61.77        16.69     3.40    61.77     0.000
  -13.04   -29.75   -17.12       -13.04   -29.75   -17.12     0.000
  -40.78   -26.06   -35.93       -40.78   -26.06   -35.93     0.000
   13.71   -11.81     2.31        13.71   -11.81     2.31     0.000
   -1.94    13.58    37.04        -1.94    13.58    37.04     0.000
   25.54    -2.43    11.98        25.54    -2.43    11.98     0.000
   16.30    -0.14    28.98        16.30    -0.14    28.98     0.000
  -39.37   -19.96   -13.85       -39.37   -19.96   -13.85     0.000
   15.76    -1.78    22.53        15.76    -1.78    22.53     0.000
   28.95     0.34   -29.61        28.95     0.34   -29.61     0.000
  -23.88    10.09   -21.56       -23.88    10.09   -21.56     0.000
  -38.53    -0.54   -45.01       -38.53    -0.54   -45.01     0.000
   10.67    -2.31    30.84        10.67    -2.31    30.84     0.000
   30.00    11.49   -30.94        30.00    11.49   -30.94     0.000
   -0.38    -5.77   -28.67        -0.38    -5.77   -28.67     0.000
  -36.12   -16.95   -49.77       -36.12   -16.95   -49.77     0.000
   13.31    13.11    68.25        13.31    13.11    68.25     0.000
    7.86    16.84    47.60         7.86    16.84    47.60     0.000
  -30.75   -34.05   -32.45       -30.75   -34.05   -32.45     0.000
