150, pa5-B-Output.txt, 6 
-117.7841  163.0214   38.1996  -163.4942    3.6222  110.6959
   -4.23     -8.89    -28.79       -3.95     -9.07    -28.86     0.336
   28.23     -2.06      9.85       28.18     -1.81      9.87     0.259
    4.04     -9.82     22.95        4.08     -9.95     22.96     0.137
    5.59     17.35     52.58        5.58     17.35     52.57     0.012
   -0.03      8.71      7.40        0.04      8.66      7.37     0.087
   11.28     22.26     49.13       11.17     21.67     49.38     0.653
   21.16     22.48    -22.71       22.18     22.51    -22.91     1.040
    2.21     -9.03     54.54        2.39     -8.38     54.49     0.676
   15.43     24.22     32.48       15.34     24.00     32.58     0.249
   12.27     -3.97    -19.29       12.29     -4.03    -19.36     0.097
    7.37    -14.82     -1.32        7.25    -14.05     -0.99     0.853
   21.84     25.92      3.72       22.11     26.30      3.74     0.468
   16.78      0.56     46.18       17.26      0.24     46.28     0.589
  -36.82    -23.72    -43.68      -36.85    -23.79    -43.76     0.114
   -0.81    -10.54     26.80       -0.81    -10.53     26.80     0.015
    6.72    -14.06      0.06        6.74    -14.39      0.11     0.336
  -31.22      7.03    -31.58      -31.42      7.41    -31.64     0.431
  -23.62    -24.85    -13.19      -23.65    -25.09    -12.94     0.357
   14.74     -4.96     15.61       14.74     -4.94     15.58     0.039
   12.94     16.19     60.23       12.83     16.35     59.98     0.319
   31.66     14.16      7.47       31.82     14.16      7.49     0.165
  -26.96    -24.41    -49.21      -26.98    -24.33    -49.09     0.149
  -28.43    -27.67    -11.91      -28.40    -27.67    -11.93     0.033
    8.75     21.58     50.29        8.50     21.44     50.41     0.311
    3.48     13.28     38.41        3.35     13.34     38.45     0.149
   10.08     -4.26     52.66       10.02     -4.10     52.67     0.168
    2.01      8.62    -16.69        1.95      8.83    -16.73     0.223
    1.52     -9.41    -21.33        1.52     -9.43    -21.34     0.019
    2.69      4.06     53.64        2.83      4.05     53.64     0.133
  -17.33    -24.41    -48.42      -17.29    -24.51    -48.57     0.183
   10.79     13.29     61.29       10.65     13.22     61.10     0.247
  -21.33     -3.59    -51.15      -21.46     -3.75    -51.42     0.336
   15.54     23.04     36.12       15.52     23.02     36.11     0.024
    5.28      8.58    -15.11        5.27      8.71    -15.24     0.188
  -24.69    -15.55    -51.72      -24.80    -15.56    -51.53     0.226
   20.64     20.28     51.54       20.43     19.95     51.29     0.466
  -42.66    -23.70    -25.15      -42.31    -23.39    -25.30     0.497
   24.55      6.88     25.06       25.11      6.59     25.44     0.736
   -4.59     -1.74     18.24       -4.60     -1.74     18.24     0.015
   -0.68     -6.24     40.37       -0.40     -6.26     40.35     0.274
   26.66     19.80    -19.01       26.32     18.85    -18.66     1.066
    4.86     22.27     43.07        5.08     22.17     43.00     0.255
   13.43    -13.82     -6.02       13.30    -14.18     -6.37     0.512
  -10.72     -2.94      4.67      -10.16     -3.27      4.30     0.745
    1.02     17.55     38.02        0.94     17.55     38.03     0.077
   23.05     24.76      0.67       23.31     25.22      0.40     0.600
   28.32     20.13    -14.95       28.18     20.00    -14.89     0.195
   21.50     -7.22     24.83       21.97     -7.27     24.70     0.485
  -38.72     -0.46    -40.84      -39.27     -0.20    -40.75     0.617
   18.10     24.09    -12.88       17.70     24.55    -12.87     0.610
    3.25      9.33     39.98        3.88      9.23     40.15     0.661
    4.51      2.48     62.85        4.63      2.45     62.62     0.262
  -39.85    -14.73    -45.73      -40.34    -14.65    -45.95     0.547
   33.31      6.24      0.28       32.67      6.05      0.45     0.682
   15.29      3.92    -20.53       15.12      3.95    -20.89     0.395
   11.89     21.07     -0.40       12.44     20.86     -0.21     0.622
  -28.17    -34.35    -28.51      -28.26    -34.97    -28.54     0.628
    8.76     19.08      3.82        8.43     19.35      3.84     0.419
   26.43     -1.25    -16.90       26.70     -1.93    -17.03     0.741
  -42.51    -12.60    -41.37      -42.62    -12.29    -41.79     0.528
   10.17     19.89     57.94       10.08     19.88     58.20     0.273
  -41.69     -3.70    -37.71      -41.11     -4.02    -37.49     0.703
   34.07      3.36      0.27       33.74      3.28      0.51     0.416
   10.57     22.51     48.36       10.39     21.55     48.77     1.055
  -12.50      5.66    -35.62      -12.67      5.88    -35.48     0.319
  -27.75    -29.29    -13.82      -27.78    -29.26    -13.83     0.047
   21.59      9.59     41.96       21.30      9.57     41.92     0.294
  -17.12     -4.59    -49.48      -17.15     -4.61    -49.44     0.049
    2.80      6.52     42.07        2.98      6.62     41.94     0.252
  -16.00     -4.80    -48.59      -15.99     -4.79    -48.61     0.021
  -22.36    -10.62     -7.89      -22.36    -10.59     -7.95     0.067
  -11.10    -13.20     -0.56      -11.12    -13.43     -0.25     0.381
   -0.34      6.92     18.47       -1.18      7.27     18.53     0.914
   -7.09     -8.12    -38.97       -6.92     -8.15    -38.96     0.169
    8.90     -1.13    -20.02        8.90     -1.12    -20.02     0.009
   25.02     11.57    -24.63       25.29     11.97    -25.11     0.674
    4.46     18.53     15.05        4.47     18.50     15.10     0.061
   18.12     19.05    -19.07       18.37     19.23    -19.14     0.316
   23.72      2.54     23.00       23.81      2.50     23.03     0.097
   27.12     21.79     -3.58       27.18     22.04     -3.56     0.251
   30.88     -1.46      1.53       30.78     -1.24      1.60     0.247
  -22.32    -21.16    -12.46      -22.33    -21.16    -12.54     0.090
   15.18      5.45     57.30       15.40      5.38     56.93     0.440
   21.88     25.77      5.79       22.15     26.16      5.81     0.472
   -3.82     -7.63    -29.17       -3.38     -7.81    -29.32     0.499
   28.65     19.91      5.87       28.68     19.73      6.01     0.231
  -10.34      3.33    -32.37      -10.35      3.20    -32.50     0.181
   30.06      5.85    -16.24       29.65      5.99    -16.23     0.436
    1.47      9.69    -10.79        1.23     10.33    -10.81     0.680
  -35.12    -11.14    -49.23      -34.17    -11.29    -47.54     1.946
   18.40     21.81     37.93       18.41     21.80     37.94     0.017
    9.63    -12.60      1.11        9.83    -12.95      1.34     0.463
    1.62     -5.10    -22.79        2.56     -5.38    -23.71     1.349
   33.69      0.92      6.28       33.88      0.99      6.40     0.237
    1.20     -1.42     54.61        1.07     -1.35     54.66     0.152
  -10.42    -29.33    -23.98      -10.67    -29.14    -24.01     0.315
  -33.84      4.44    -38.33      -33.82      4.43    -38.33     0.017
   27.21      0.62    -22.12       26.98     -0.11    -22.49     0.850
  -40.12    -25.95    -22.42      -40.02    -25.89    -22.51     0.150
    0.11     -7.41     60.72        0.12     -7.33     60.72     0.085
   -6.87     -1.78    -35.83       -6.94     -1.80    -35.83     0.072
   24.95      1.43    -24.38       25.03      1.61    -24.27     0.217
   23.58      0.73    -22.94       23.76      1.14    -22.68     0.520
  -31.70      2.50    -17.55      -31.71      2.37    -17.67     0.180
   29.92      5.99    -18.31       29.67      6.08    -18.31     0.273
   27.75     17.76     18.18       27.30     17.42     18.03     0.587
   33.74      3.74      7.41       33.80      3.71      7.42     0.066
   31.45      7.57     12.84       31.32      7.39     12.46     0.445
    0.88     -9.45     42.67        1.30     -8.65     42.40     0.946
    0.65     24.93     27.78        0.84     24.92     27.83     0.199
  -11.10     -4.55    -46.87      -11.04     -4.73    -46.68     0.268
   18.34     24.97     -9.72       18.08     24.82     -9.87     0.329
    3.99      7.39    -16.50        4.04      7.41    -16.52     0.057
   -3.14    -15.64    -21.03       -2.71    -14.93    -21.32     0.880
   -1.04      7.78      9.78       -1.12      7.97      9.79     0.210
  -32.06    -25.71    -13.12      -32.02    -25.67    -13.15     0.060
   -9.61    -28.14    -20.38       -9.76    -27.87    -20.44     0.314
   17.14      7.33    -21.50       17.35      7.25    -21.36     0.266
   28.05     16.30     18.41       27.70     16.16     18.26     0.407
   24.37      9.45     27.10       25.02      9.11     27.51     0.846
   18.14      9.35     58.56       18.15      9.12     58.96     0.463
  -16.93     -7.60     -2.94      -16.49     -7.69     -3.03     0.457
   12.09     20.97     58.05       12.13     21.27     57.98     0.316
  -15.96      5.96    -40.96      -16.16      5.65    -40.72     0.439
   16.16     10.73    -19.95       15.45     11.55    -20.39     1.163
    0.06     16.82     37.32        0.03     16.93     37.24     0.140
    5.31     16.28     55.53        4.64     16.52     55.45     0.713
  -23.12      6.86    -24.22      -23.19      6.77    -24.36     0.171
   13.96     22.38     -2.36       13.89     22.66     -2.61     0.384
   13.16     -9.29      5.19       13.17     -9.32      5.20     0.036
   23.52     24.37     -3.33       23.12     23.87     -3.29     0.639
   15.75     -9.85      0.80       15.87    -10.32      1.18     0.617
   12.65     28.43     18.47       12.65     28.43     18.47     0.000
    5.08     16.88     12.35        4.57     16.75     12.49     0.548
   21.88     25.88      4.06       22.15     26.25      4.08     0.465
   20.09      9.11    -27.06       19.93      8.98    -27.02     0.220
   32.97     12.23      5.12       33.02     12.22      5.12     0.046
  -22.38    -20.20    -51.28      -22.39    -19.96    -50.07     1.234
   12.52     28.51     16.78       12.60     28.90     16.86     0.410
  -45.91    -11.08    -36.69      -45.95    -11.05    -36.69     0.048
    4.05     22.01     16.29        4.45     22.36     16.66     0.649
   20.22     13.61     52.50       19.38     13.77     52.95     0.965
   15.69     22.07     40.11       15.33     21.78     39.99     0.475
  -22.54      6.43    -39.93      -22.61      5.81    -39.87     0.622
  -24.91    -26.79    -46.98      -25.25    -27.25    -47.53     0.795
  -28.75    -31.16    -40.73      -28.71    -31.04    -40.61     0.173
   -3.65    -14.24     -1.05       -3.60    -13.60     -1.34     0.693
    0.88     -5.39     61.11        0.57     -5.06     61.11     0.448
  -41.06     -6.56    -40.97      -41.69     -6.24    -41.07     0.717
    4.61     21.62     43.79        4.62     21.24     43.64     0.403
