150, pa5-D-Output.txt, 6 
114.0399   89.6852   53.4061   49.9667   -4.1371  -61.5812
  -11.49    -16.64     -7.51      -11.49    -16.58     -7.54     0.063
   34.21     -6.05    -14.58       34.06     -5.82    -14.69     0.292
    4.94    -14.30    -27.76        4.75    -14.28    -27.68     0.208
    9.29     21.35     12.15        9.42     21.03     12.11     0.343
   -2.46     13.80     65.81       -2.50     13.64     65.87     0.174
   37.92      4.43    -14.61       37.99      4.42    -14.65     0.074
   26.59     13.98    -24.52       26.57     13.96    -24.51     0.020
   -7.11      8.55     68.54       -6.78      8.36     68.56     0.385
  -31.99    -15.51    -10.24      -31.97    -15.49    -10.35     0.117
   -7.92     -9.38      1.38       -7.99     -9.63      1.52     0.296
    9.67     -2.96     28.89        9.91     -3.48     28.94     0.575
   16.38     -3.02     46.30       16.37     -2.69     46.33     0.334
   14.74     20.71    -19.27       14.57     21.19    -19.43     0.542
  -27.90    -16.45    -48.99      -27.74    -16.42    -48.74     0.292
   19.23    -15.42    -11.60       19.24    -15.45    -11.59     0.033
   36.49     12.16      2.77       36.18     11.83      2.76     0.449
   20.21     15.50     42.38       20.16     15.33     42.41     0.183
   28.48     17.68    -19.08       28.65     17.79    -19.04     0.202
   18.73     23.43      1.84       18.72     23.15      1.84     0.286
   15.82     -5.34    -24.88       15.76     -5.38    -24.60     0.296
  -35.27    -23.38    -19.10      -35.38    -23.68    -18.90     0.378
   34.72      0.15    -25.20       34.96     -0.07    -25.34     0.349
    3.49     -1.72    -24.75        3.46     -1.77    -24.71     0.079
   35.39     11.51    -10.62       35.58     11.78    -10.69     0.338
   -6.68      0.97     36.59       -6.97      0.68     36.69     0.427
   -6.50    -15.77     -6.86       -6.48    -16.12     -6.43     0.555
   25.61     21.06     -3.85       25.62     21.07     -3.85     0.018
   -4.42    -17.01    -41.40       -4.43    -17.02    -41.45     0.058
   15.07     -8.58      7.73       15.09     -8.73      7.83     0.182
   10.97     -6.66    -24.13       10.81     -6.83    -24.75     0.657
   22.42     22.27      4.82       22.50     22.40      4.87     0.150
  -30.33     -1.36    -47.10      -30.46     -1.21    -47.33     0.303
   10.77     10.44     70.52       10.87     10.48     70.42     0.141
   37.17      1.48     -2.42       37.35      1.44     -2.42     0.187
   31.47     11.34    -22.32       31.40     10.88    -22.20     0.486
   20.07     -7.54      5.25       20.49     -8.41      5.61     1.030
    1.85     15.75      4.15        1.92     15.68      4.19     0.114
    5.14     -1.94     44.37        5.25     -1.79     44.36     0.187
    4.50     11.72     -5.52        3.89     12.20     -5.86     0.846
  -20.79    -12.69    -50.60      -20.75    -12.68    -50.30     0.304
  -24.03      7.33    -16.78      -24.06      7.17    -17.16     0.415
   10.80     -2.57     31.64       10.72     -2.95     31.76     0.413
   25.07     -0.73     34.19       24.28     -0.32     34.06     0.904
   -0.15     -0.11    -25.57        0.01     -0.09    -25.64     0.185
   -2.89      0.09     47.19       -2.86      0.26     47.08     0.205
   31.02      4.85    -28.69       31.29      4.91    -28.81     0.298
    5.73     18.76      3.74        5.61     18.99      3.70     0.265
    9.19     -4.82     20.35        9.66     -5.26     20.64     0.709
   11.89    -12.80    -19.05       11.90    -12.72    -19.04     0.077
  -25.40     -8.98     -8.72      -25.40     -9.00     -8.79     0.079
   27.01     20.30     -3.09       26.87     20.22     -3.03     0.175
   -3.25    -23.71    -27.76       -3.66    -23.54    -27.85     0.453
  -10.89    -27.90    -23.04      -10.91    -27.85    -23.06     0.066
   21.49     13.22     53.64       22.19     13.46     53.70     0.750
  -34.44    -15.58    -11.99      -34.44    -15.58    -11.98     0.007
   12.52     -4.10     63.65       12.38     -3.66     63.61     0.463
   -2.25      7.61     -6.11       -2.10      7.39     -6.03     0.281
  -26.46    -15.81     -8.30      -26.36    -15.92     -8.74     0.467
   33.05     -8.17    -21.52       32.70     -8.05    -21.45     0.371
   -2.66    -17.09    -41.14       -3.30    -16.65    -40.92     0.807
   -6.65     14.14     11.50       -6.64     14.13     11.51     0.017
  -28.26     -8.65     -9.29      -28.28     -8.60     -9.00     0.294
  -31.85      7.83    -34.37      -31.65      7.45    -34.20     0.464
   30.33     -0.94     16.74       30.38     -0.97     16.75     0.056
   -4.24     15.39     10.42       -4.24     15.40     10.42     0.010
    5.09     15.39     -3.81        4.74     15.77     -4.26     0.695
  -14.86      2.01    -46.00      -14.96      1.47    -45.42     0.803
   22.04      8.29     66.19       22.00      8.29     66.19     0.037
   -0.94     -7.66     10.75       -0.99     -7.77     10.73     0.122
  -32.84    -28.17    -29.12      -32.99    -28.38    -29.08     0.250
   19.35     -4.98     14.90       19.28     -5.26     15.00     0.303
  -28.67    -30.83    -29.98      -28.59    -30.66    -29.97     0.192
    0.55     -4.92    -28.89        0.56     -4.91    -28.91     0.021
   -6.96      3.44     46.84       -6.94      3.46     46.85     0.031
   33.14     12.47    -13.94       33.64     12.77    -14.08     0.600
   -4.66    -20.90    -39.02       -4.75    -20.78    -38.95     0.165
   13.63     -2.78     40.65       13.65     -2.64     40.64     0.142
   -1.35     -0.61     46.40       -1.32     -0.30     46.25     0.338
  -15.32    -19.10     -8.97      -15.23    -19.26     -8.88     0.196
   29.89     -5.37      3.41       30.04     -5.13      3.35     0.293
  -21.56     -8.07     -6.81      -21.38     -8.10     -6.98     0.251
   25.13     16.23     13.99       25.09     16.19     13.96     0.069
    9.99     13.87    -22.84       10.12     14.01    -22.84     0.190
  -18.01     -3.12    -48.86      -18.02     -2.92    -49.19     0.388
   -1.43     14.81     63.19       -1.54     14.96     63.16     0.192
    9.20     -3.07     29.59        9.45     -3.62     29.64     0.605
  -13.37      4.66     15.26      -13.63      4.55     15.20     0.289
  -17.39     -5.45     -3.26      -17.28     -5.41     -3.32     0.131
   35.06     -1.84    -23.05       34.95     -1.78    -23.00     0.137
  -10.82     20.10     33.48      -10.86     20.32     33.72     0.332
  -12.44    -29.87    -30.45      -12.42    -29.93    -30.45     0.061
  -27.61    -19.60    -10.10      -27.54    -19.52    -10.17     0.128
   -3.49    -13.87     -4.66       -3.50    -13.80     -4.67     0.072
   -6.21     20.66     19.00       -6.10     21.36     18.85     0.733
  -10.45    -26.37    -38.69      -10.55    -26.31    -38.53     0.190
   27.74     16.69      9.50       27.97     16.87      9.67     0.336
  -33.23    -11.24     -9.73      -33.12    -11.01    -10.36     0.679
  -13.50    -24.30    -14.41      -13.51    -24.44    -13.86     0.566
    2.40     -1.08     52.49        2.34     -1.16     52.47     0.106
  -13.25      2.50      1.55      -13.36      2.68      1.60     0.222
   11.72     22.77      1.45       11.36     23.29      1.07     0.737
   14.69     -2.85     27.39       14.78     -3.14     27.42     0.307
  -22.42      1.79    -14.67      -22.42      1.82    -14.49     0.180
   21.63      8.92     69.03       22.20      8.93     68.96     0.575
   26.88      9.25     21.98       26.85      9.24     21.98     0.037
   37.69      2.54      2.65       37.60      2.57      2.65     0.088
   -5.47      2.68    -34.86       -4.57      3.01    -34.82     0.959
   19.44     14.95    -28.80       19.46     14.99    -28.86     0.076
   -4.34      1.49    -28.66       -3.55      1.64    -28.86     0.833
   -7.75     14.77     12.45       -7.71     14.68     12.54     0.134
   -8.89    -25.03    -19.27       -8.88    -25.02    -19.28     0.009
   -1.26     12.51      4.09       -1.07     12.39      4.34     0.333
   24.69      6.80    -28.89       24.80      6.82    -28.65     0.272
   18.03     17.94     45.85       17.51     17.52     45.89     0.666
   18.18     15.29    -28.89       18.25     15.41    -29.06     0.223
   22.27     19.87     14.09       21.98     19.62     13.92     0.420
  -40.10     -8.52    -18.33      -39.54     -8.65    -18.59     0.632
  -32.53    -11.62    -48.64      -32.50    -11.59    -48.45     0.198
   -3.47     12.96     57.49       -3.35     12.81     57.49     0.194
   18.87     -0.00     71.99       18.84      0.07     71.87     0.142
   -4.11     -8.64      4.29       -4.11     -8.65      4.30     0.010
   10.26      8.26    -11.69       10.26      8.35    -11.82     0.157
  -35.83    -18.18    -15.44      -36.01    -18.24    -15.33     0.218
    2.43     17.09     53.99        2.18     17.61     54.05     0.585
   34.47     -3.66    -24.36       33.81     -3.18    -24.12     0.853
    0.15      0.88    -24.58        0.14      0.89    -24.55     0.037
   26.35     20.41      5.78       26.22     20.19      5.75     0.261
   23.09    -11.35     -8.63       23.18    -11.54     -8.62     0.219
    2.44     -6.41     26.19        2.47     -6.53     26.22     0.128
  -37.55    -20.31    -19.21      -37.44    -20.24    -19.27     0.150
  -16.32     11.62     16.79      -16.46     11.62     16.70     0.173
  -27.51    -29.89    -19.57      -27.42    -29.75    -19.57     0.170
   -5.33      2.21     49.72       -5.96      1.74     49.78     0.793
  -28.30    -13.45     -7.71      -28.32    -13.52     -7.65     0.094
   -5.60     10.64     63.20       -5.41     10.54     63.21     0.208
  -39.93    -11.52    -36.94      -40.25    -11.60    -36.99     0.336
   24.89     -1.76     29.52       24.66     -1.12     29.33     0.707
  -13.16    -10.59    -48.88      -13.20    -10.58    -48.76     0.125
   26.07     19.31      9.03       26.09     19.33      9.04     0.028
   34.70     -3.72      4.54       34.54     -3.65      4.53     0.173
    4.04    -16.71    -12.28        4.44    -17.37    -12.19     0.779
  -29.73    -11.25     -7.58      -29.92    -11.14     -7.67     0.234
  -26.28      2.36    -45.96      -26.33      2.49    -46.08     0.189
    8.55     16.89    -10.83        8.95     16.67    -10.52     0.552
  -29.51     -9.72    -49.50      -29.49     -9.70    -49.38     0.121
    4.04    -11.78    -29.22        3.67    -11.90    -28.91     0.490
  -41.87     -1.94    -27.56      -41.93     -1.20    -27.53     0.744
   29.10    -10.10    -19.56       29.07     -9.91    -19.64     0.201
  -20.35    -30.17    -38.30      -20.08    -30.65    -38.63     0.640
  -27.93      7.09    -39.90      -28.07      7.27    -40.06     0.280
