150, pa5-K-Output.txt, 6 
-112.8076   83.4077   16.9253  -109.1979  -42.3484  -110.0631
  -20.26    -15.67    -54.05      -20.44    -15.82    -53.42     0.666
  -29.71    -15.88     -6.34      -29.58    -15.67     -6.63     0.381
  -31.55    -33.22    -36.41      -31.68    -33.54    -36.57     0.377
   30.11     -2.78      3.27       30.60     -3.23      2.85     0.790
   31.96     16.67    -10.30       32.04     16.72    -10.29     0.094
   31.34      0.68      8.00       31.70      0.65      8.06     0.367
   23.64     25.80     -0.90       24.16     26.45     -0.77     0.839
  -35.16    -27.99    -17.59      -35.02    -28.49    -17.39     0.552
   21.43     -2.89     19.28       21.60     -3.13     19.36     0.299
   19.50     10.78     50.77       19.16     10.66     50.62     0.386
   22.52    -11.12     -0.18       22.46    -11.00     -0.17     0.139
  -39.22     -2.93    -12.81      -39.12     -3.03    -13.08     0.305
  -36.63     -2.32    -11.48      -36.54     -2.34    -11.52     0.103
   11.21     15.22     -1.34       11.26     15.28     -1.45     0.137
  -13.86     19.17     30.24      -13.65     19.12     30.05     0.290
   11.17     19.97      1.43       10.73     20.17      1.37     0.488
   13.60     -5.08     40.37       13.31     -5.98     40.36     0.944
  -20.54    -32.30    -14.97      -20.53    -32.30    -15.18     0.210
   24.77      4.22     20.92       24.35      4.30     20.88     0.428
  -17.72    -20.15    -52.24      -17.72    -20.27    -52.48     0.266
   -5.37    -23.13     -8.87       -5.52    -22.90     -8.56     0.411
  -11.91      2.29      1.75      -12.36      2.77      2.06     0.727
  -19.99    -16.09    -53.88      -20.12    -16.19    -53.42     0.491
   33.84      3.15      2.44       33.76      3.18      2.46     0.079
  -25.26    -27.03    -48.61      -25.27    -27.06    -48.67     0.071
   26.80     23.38     -9.38       26.88     23.43     -9.37     0.095
  -36.13     -0.37    -47.91      -35.83     -0.42    -47.58     0.450
    5.53    -13.60    -20.93        5.47    -13.59    -20.91     0.061
   24.59      4.43    -26.52       24.92      3.73    -27.36     1.142
    4.11    -10.44     13.67        4.18    -10.14     13.62     0.309
   -2.86     26.47     20.47       -2.79     26.18     20.57     0.315
  -34.75      4.97    -13.91      -34.74      5.00    -13.86     0.059
    5.14     -6.34     45.09        5.28     -6.06     45.08     0.315
   -0.19    -19.41    -34.23        0.44    -19.26    -34.33     0.647
   28.98     13.33    -24.36       28.97     13.31    -24.35     0.032
   34.84      4.11    -11.56       34.39      4.44    -11.52     0.559
  -33.36      9.48    -22.33      -33.52      9.73    -22.29     0.302
   -4.94     24.43     38.17       -4.78     24.29     37.79     0.437
    3.22    -25.38    -13.37        3.07    -24.97    -13.38     0.443
  -22.57     -7.23     -6.11      -22.59     -7.22     -6.07     0.045
  -12.26     18.73     31.87      -12.40     18.73     31.94     0.161
   18.84     26.41    -17.63       18.62     26.02    -17.42     0.494
   28.72      3.45     12.54       28.47      3.48     12.49     0.254
    2.58     -6.09     27.08        2.62     -6.04     27.06     0.069
   27.09     23.07     -4.24       26.62     22.83     -4.21     0.524
   13.82     18.90    -11.59       14.20     19.04    -11.55     0.413
  -14.60    -29.68    -43.05      -14.50    -29.85    -43.19     0.240
  -40.85     -3.19    -14.41      -40.86     -3.18    -14.40     0.011
  -36.17      8.47    -34.30      -36.32      8.65    -34.36     0.241
  -22.25     -1.99    -53.06      -22.31     -2.06    -53.15     0.128
   22.27     27.50     10.04       22.38     27.69     10.04     0.228
   34.07     10.08    -15.84       33.66     10.05    -15.64     0.455
  -37.33    -18.03    -48.64      -36.60    -17.90    -48.25     0.838
  -17.00    -17.53    -53.13      -16.94    -17.57    -53.23     0.116
   18.70     -0.74     53.02       18.49     -0.76     52.95     0.222
   23.24     23.03     19.21       23.25     23.03     19.21     0.004
    0.16    -20.39    -34.73        0.20    -20.37    -34.88     0.147
   -0.43     -0.35    -24.80       -0.40     -0.32    -24.82     0.048
   22.49     11.03     30.11       23.14     10.86     30.01     0.681
  -18.92     11.58    -42.35      -18.86     11.47    -42.16     0.229
    9.50     25.98     11.55        9.58     25.76     11.61     0.238
   16.81      6.47    -21.05       16.80      6.50    -20.95     0.108
   12.78     -6.05     49.41       12.77     -5.96     49.42     0.083
    3.09     -6.89    -23.95        3.69     -7.07    -24.51     0.839
   26.15     19.46     13.24       25.95     19.42     13.22     0.211
  -10.45     10.31    -30.70      -10.72     10.14    -30.68     0.318
   30.23     -2.21    -11.54       30.17     -2.19    -11.53     0.059
   24.93    -12.38     -7.18       25.12    -12.68     -7.17     0.356
   -0.38     -3.46     40.42       -0.04     -3.27     40.31     0.394
    6.12      7.31     59.74        6.09      7.19     60.06     0.340
    8.64      7.77     61.12        8.41      7.73     61.07     0.238
  -11.73      1.67      2.92      -12.19      2.17      3.24     0.754
   27.87     -8.25     -7.45       27.54     -8.30     -7.55     0.349
   21.79      9.43     37.28       21.79      9.43     37.28     0.001
   21.65    -14.32     -8.33       21.99    -14.61     -8.54     0.499
   15.71    -15.76     -8.50       15.62    -15.40     -8.31     0.421
   30.52     18.12     -8.67       30.89     18.35     -8.64     0.435
    5.73     -7.75     56.27        5.77     -7.68     56.29     0.090
   30.09     13.64      6.01       30.03     13.61      5.98     0.080
   32.06     -0.37     -3.92       32.08     -0.45     -3.91     0.093
  -35.94    -11.64     -9.19      -35.91    -11.63     -9.36     0.173
   23.48     -5.16      7.89       23.78     -5.40      8.09     0.432
    2.87    -13.04      6.07        2.86    -12.89      6.03     0.159
   -2.96     -5.03     16.77       -2.84     -4.92     16.77     0.153
   14.35     -6.47    -20.35       14.36     -6.48    -20.36     0.020
  -43.90     -2.71    -30.38      -43.32     -2.86    -30.31     0.603
  -17.80    -15.13    -53.75      -17.72    -15.24    -53.56     0.235
   12.98     22.01     48.59       13.09     21.96     48.59     0.121
   -3.13      0.52     57.28       -3.04      0.54     57.29     0.091
  -40.08    -15.71    -11.91      -39.76    -15.57    -12.08     0.391
  -45.11    -11.16    -23.49      -44.83    -11.13    -23.47     0.288
    7.95    -17.56    -16.67        7.76    -17.54    -16.62     0.192
  -28.85    -34.03    -37.00      -28.88    -34.18    -37.10     0.175
   11.04     20.23      1.32       10.81     20.33      1.29     0.255
   27.68    -10.38     -9.18       27.67    -10.27     -9.16     0.109
   -5.98     -2.26     12.46       -5.72     -2.09     12.34     0.329
   14.37      6.83     57.92       14.41      6.71     58.11     0.233
   -0.46      9.74     -2.02       -0.79     10.13     -2.30     0.582
   -3.49      2.86     47.21       -3.62      2.87     47.22     0.127
    7.30     18.40     49.18        7.20     18.89     49.26     0.511
   16.39     27.11     24.48       16.37     27.05     24.49     0.069
   14.26     -5.55     49.78       14.29     -5.86     49.74     0.311
   -2.53     -1.90    -28.44       -2.40     -1.82    -28.56     0.196
   22.14     17.90    -23.41       22.15     17.78    -23.23     0.212
   -2.20    -18.36     -4.04       -2.18    -18.33     -4.09     0.065
   -9.76      8.80    -31.22       -9.91      8.71    -31.21     0.172
   24.80     -4.03      8.27       24.87     -4.28      8.34     0.270
   20.80      2.90     43.39       20.93      2.85     43.42     0.141
  -41.13    -24.57    -21.96      -41.06    -24.53    -21.99     0.089
    3.00     21.22     13.19        2.90     21.36     12.95     0.294
   23.09      6.45    -26.29       22.79      6.75    -26.72     0.601
  -23.25      3.20    -11.92      -23.51      3.57    -11.69     0.502
   -3.77      3.75     54.33       -4.48      3.20     54.32     0.898
   14.69     18.63     52.15       14.58     18.51     52.07     0.179
  -11.65      7.35    -10.33      -11.55      6.99    -10.40     0.375
  -17.44    -34.54    -26.45      -17.40    -34.68    -26.44     0.144
  -16.20    -11.80    -53.81      -16.46    -11.73    -53.46     0.437
    2.44     12.25     -0.32        2.43     12.28     -0.34     0.036
   19.90     28.71     15.75       19.79     27.87     15.84     0.859
    4.26    -23.89     -9.24        4.13    -23.74     -9.25     0.196
   27.24      9.31    -27.40       27.24      9.28    -27.49     0.091
  -13.02    -33.42    -31.09      -13.20    -32.94    -31.04     0.516
   10.37     23.19      2.66       10.20     23.02      2.80     0.275
   20.41      0.99     38.59       20.29      1.08     38.58     0.150
  -38.27      3.43    -42.00      -38.44      3.48    -42.04     0.178
   13.13     17.67    -24.90       13.81     17.76    -24.81     0.698
   24.58     15.02    -24.41       23.92     14.93    -24.55     0.674
   19.89      0.86     41.13       19.95      0.83     41.13     0.065
  -15.64    -28.04    -46.41      -15.64    -28.18    -46.50     0.170
   21.02      0.39    -23.48       20.81      0.33    -23.84     0.422
   -8.84    -24.54     -8.85       -8.89    -24.49     -8.52     0.333
    0.07     -3.91     46.74        0.62     -3.24     46.79     0.865
   35.92      4.93     -5.21       35.44      5.24     -5.13     0.579
    3.98     17.93      8.92        4.22     17.91      8.96     0.244
   -0.79    -15.63    -29.04       -0.44    -15.58    -29.20     0.384
   -5.00    -15.70     -2.13       -5.02    -15.82     -2.10     0.132
   24.03     -9.66    -14.19       23.68     -9.71    -13.90     0.459
    5.85     -6.07     41.65        5.91     -5.89     41.67     0.190
   14.93    -10.38    -16.67       14.93    -10.38    -16.67     0.000
  -33.01     10.60    -26.64      -33.11     10.79    -26.61     0.218
  -39.82     -7.95    -46.08      -40.41     -7.73    -46.54     0.779
   24.03     22.69     16.94       24.31     22.71     17.06     0.305
   13.54    -15.61      0.66       13.71    -15.90      1.06     0.525
  -36.67      2.39    -45.64      -36.68      2.39    -45.65     0.007
  -43.59    -20.21    -23.75      -43.55    -20.20    -23.77     0.047
    4.16     17.55     48.61        4.18     17.54     48.60     0.026
   13.65    -11.85      7.78       13.50    -11.47      7.69     0.421
   21.14     -9.42    -16.15       21.00     -9.33    -15.99     0.231
  -31.85     10.60    -38.14      -31.78     10.32    -37.92     0.369
   12.94     20.83     50.36       12.97     20.92     50.39     0.103
